0 0.985 0.6816816816816816 0.03 0.3183183183183183
0 0.985 0.6816816816816816 0.03 0.3183183183183183
0 0.985 0.6816816816816816 0.03 0.3183183183183183
0 0.985 0.6816816816816816 0.03 0.3183183183183183
0 0.985 0.6816816816816816 0.03 0.3183183183183183
0 0.985 0.6816816816816816 0.03 0.3183183183183183
0 0.985 0.6816816816816816 0.03 0.3183183183183183
0 0.985 0.6816816816816816 0.03 0.3183183183183183
0 0.985 0.6816816816816816 0.03 0.3183183183183183
0 0.985 0.6816816816816816 0.03 0.3183183183183183
0 0.985 0.6816816816816816 0.03 0.3183183183183183
0 0.985 0.6816816816816816 0.03 0.3183183183183183
