18 0.481 0.7226666666666667 0.25 0.29333333333333333
18 0.481 0.7226666666666667 0.25 0.29333333333333333
18 0.481 0.7226666666666667 0.25 0.29333333333333333
18 0.481 0.7226666666666667 0.25 0.29333333333333333
18 0.481 0.7226666666666667 0.25 0.29333333333333333
18 0.481 0.7226666666666667 0.25 0.29333333333333333
18 0.481 0.7226666666666667 0.25 0.29333333333333333
18 0.481 0.7226666666666667 0.25 0.29333333333333333
18 0.481 0.7226666666666667 0.25 0.29333333333333333
18 0.481 0.7226666666666667 0.25 0.29333333333333333
18 0.481 0.7226666666666667 0.25 0.29333333333333333
18 0.481 0.7226666666666667 0.25 0.29333333333333333
18 0.481 0.7226666666666667 0.25 0.29333333333333333
18 0.481 0.7226666666666667 0.25 0.29333333333333333
18 0.481 0.7226666666666667 0.25 0.29333333333333333
