3 0.39 0.8795180722891566 0.04 0.1686746987951807
3 0.39 0.8795180722891566 0.04 0.1686746987951807
3 0.39 0.8795180722891566 0.04 0.1686746987951807
3 0.39 0.8795180722891566 0.04 0.1686746987951807
3 0.39 0.8795180722891566 0.04 0.1686746987951807
3 0.39 0.8795180722891566 0.04 0.1686746987951807
3 0.39 0.8795180722891566 0.04 0.1686746987951807
3 0.39 0.8795180722891566 0.04 0.1686746987951807
3 0.39 0.8795180722891566 0.04 0.1686746987951807
3 0.39 0.8795180722891566 0.04 0.1686746987951807
