18 0.516 0.7786666666666666 0.652 0.44266666666666665
18 0.516 0.7786666666666666 0.652 0.44266666666666665
18 0.516 0.7786666666666666 0.652 0.44266666666666665
18 0.516 0.7786666666666666 0.652 0.44266666666666665
18 0.516 0.7786666666666666 0.652 0.44266666666666665
18 0.516 0.7786666666666666 0.652 0.44266666666666665
18 0.516 0.7786666666666666 0.652 0.44266666666666665
18 0.516 0.7786666666666666 0.652 0.44266666666666665
18 0.516 0.7786666666666666 0.652 0.44266666666666665
18 0.516 0.7786666666666666 0.652 0.44266666666666665
18 0.516 0.7786666666666666 0.652 0.44266666666666665
