19 0.031 0.35135135135135137 0.058 0.3183183183183183
19 0.031 0.35135135135135137 0.058 0.3183183183183183
19 0.031 0.35135135135135137 0.058 0.3183183183183183
19 0.031 0.35135135135135137 0.058 0.3183183183183183
19 0.031 0.35135135135135137 0.058 0.3183183183183183
19 0.031 0.35135135135135137 0.058 0.3183183183183183
19 0.031 0.35135135135135137 0.058 0.3183183183183183
19 0.031 0.35135135135135137 0.058 0.3183183183183183
19 0.031 0.35135135135135137 0.058 0.3183183183183183
19 0.031 0.35135135135135137 0.058 0.3183183183183183
19 0.031 0.35135135135135137 0.058 0.3183183183183183
19 0.031 0.35135135135135137 0.058 0.3183183183183183
19 0.031 0.35135135135135137 0.058 0.3183183183183183
19 0.031 0.35135135135135137 0.058 0.3183183183183183
19 0.031 0.35135135135135137 0.058 0.3183183183183183
19 0.031 0.35135135135135137 0.058 0.3183183183183183
