0 0.034 0.6861861861861862 0.06 0.21921921921921922
0 0.034 0.6861861861861862 0.06 0.21921921921921922
0 0.034 0.6861861861861862 0.06 0.21921921921921922
0 0.034 0.6861861861861862 0.06 0.21921921921921922
0 0.034 0.6861861861861862 0.06 0.21921921921921922
0 0.034 0.6861861861861862 0.06 0.21921921921921922
0 0.034 0.6861861861861862 0.06 0.21921921921921922
0 0.034 0.6861861861861862 0.06 0.21921921921921922
0 0.034 0.6861861861861862 0.06 0.21921921921921922
0 0.034 0.6861861861861862 0.06 0.21921921921921922
