18 0.586 0.7252252252252253 0.828 0.5495495495495496
18 0.586 0.7252252252252253 0.828 0.5495495495495496
18 0.586 0.7252252252252253 0.828 0.5495495495495496
18 0.586 0.7252252252252253 0.828 0.5495495495495496
18 0.586 0.7252252252252253 0.828 0.5495495495495496
18 0.586 0.7252252252252253 0.828 0.5495495495495496
18 0.586 0.7252252252252253 0.828 0.5495495495495496
18 0.586 0.7252252252252253 0.828 0.5495495495495496
18 0.586 0.7252252252252253 0.828 0.5495495495495496
18 0.586 0.7252252252252253 0.828 0.5495495495495496
