2 0.835 0.8186666666666667 0.182 0.16
2 0.835 0.8186666666666667 0.182 0.16
2 0.835 0.8186666666666667 0.182 0.16
2 0.835 0.8186666666666667 0.182 0.16
2 0.835 0.8186666666666667 0.182 0.16
2 0.835 0.8186666666666667 0.182 0.16
2 0.835 0.8186666666666667 0.182 0.16
2 0.835 0.8186666666666667 0.182 0.16
2 0.835 0.8186666666666667 0.182 0.16
2 0.835 0.8186666666666667 0.182 0.16
2 0.835 0.8186666666666667 0.182 0.16
2 0.835 0.8186666666666667 0.182 0.16
2 0.835 0.8186666666666667 0.182 0.16
2 0.835 0.8186666666666667 0.182 0.16
2 0.835 0.8186666666666667 0.182 0.16
2 0.835 0.8186666666666667 0.182 0.16
2 0.835 0.8186666666666667 0.182 0.16
2 0.835 0.8186666666666667 0.182 0.16
2 0.835 0.8186666666666667 0.182 0.16
2 0.835 0.8186666666666667 0.182 0.16
2 0.835 0.8186666666666667 0.182 0.16
2 0.835 0.8186666666666667 0.182 0.16
2 0.835 0.8186666666666667 0.182 0.16
2 0.835 0.8186666666666667 0.182 0.16
2 0.835 0.8186666666666667 0.182 0.16
2 0.835 0.8186666666666667 0.182 0.16
2 0.835 0.8186666666666667 0.182 0.16
2 0.835 0.8186666666666667 0.182 0.16
2 0.835 0.8186666666666667 0.182 0.16
2 0.835 0.8186666666666667 0.182 0.16
2 0.835 0.8186666666666667 0.182 0.16
2 0.835 0.8186666666666667 0.182 0.16
2 0.835 0.8186666666666667 0.182 0.16
2 0.835 0.8186666666666667 0.182 0.16
2 0.835 0.8186666666666667 0.182 0.16
2 0.835 0.8186666666666667 0.182 0.16
2 0.835 0.8186666666666667 0.182 0.16
