18 0.671 0.6876876876876877 0.658 0.6246246246246246
18 0.671 0.6876876876876877 0.658 0.6246246246246246
18 0.671 0.6876876876876877 0.658 0.6246246246246246
18 0.671 0.6876876876876877 0.658 0.6246246246246246
18 0.671 0.6876876876876877 0.658 0.6246246246246246
18 0.671 0.6876876876876877 0.658 0.6246246246246246
18 0.671 0.6876876876876877 0.658 0.6246246246246246
18 0.671 0.6876876876876877 0.658 0.6246246246246246
18 0.671 0.6876876876876877 0.658 0.6246246246246246
18 0.671 0.6876876876876877 0.658 0.6246246246246246
18 0.671 0.6876876876876877 0.658 0.6246246246246246
18 0.671 0.6876876876876877 0.658 0.6246246246246246
18 0.671 0.6876876876876877 0.658 0.6246246246246246
18 0.671 0.6876876876876877 0.658 0.6246246246246246
18 0.671 0.6876876876876877 0.658 0.6246246246246246
18 0.671 0.6876876876876877 0.658 0.6246246246246246
18 0.671 0.6876876876876877 0.658 0.6246246246246246
