9 0.295 0.6355421686746988 0.334 0.30120481927710846
9 0.295 0.6355421686746988 0.334 0.30120481927710846
9 0.295 0.6355421686746988 0.334 0.30120481927710846
9 0.295 0.6355421686746988 0.334 0.30120481927710846
9 0.295 0.6355421686746988 0.334 0.30120481927710846
9 0.295 0.6355421686746988 0.334 0.30120481927710846
9 0.295 0.6355421686746988 0.334 0.30120481927710846
9 0.295 0.6355421686746988 0.334 0.30120481927710846
9 0.295 0.6355421686746988 0.334 0.30120481927710846
9 0.295 0.6355421686746988 0.334 0.30120481927710846
