8 0.755 0.5973333333333334 0.062 0.037333333333333336
8 0.755 0.5973333333333334 0.062 0.037333333333333336
8 0.755 0.5973333333333334 0.062 0.037333333333333336
8 0.755 0.5973333333333334 0.062 0.037333333333333336
8 0.755 0.5973333333333334 0.062 0.037333333333333336
8 0.755 0.5973333333333334 0.062 0.037333333333333336
8 0.755 0.5973333333333334 0.062 0.037333333333333336
8 0.755 0.5973333333333334 0.062 0.037333333333333336
8 0.755 0.5973333333333334 0.062 0.037333333333333336
8 0.755 0.5973333333333334 0.062 0.037333333333333336
8 0.755 0.5973333333333334 0.062 0.037333333333333336
8 0.755 0.5973333333333334 0.062 0.037333333333333336
8 0.755 0.5973333333333334 0.062 0.037333333333333336
8 0.755 0.5973333333333334 0.062 0.037333333333333336
8 0.755 0.5973333333333334 0.062 0.037333333333333336
8 0.755 0.5973333333333334 0.062 0.037333333333333336
8 0.755 0.5973333333333334 0.062 0.037333333333333336
8 0.755 0.5973333333333334 0.062 0.037333333333333336
8 0.755 0.5973333333333334 0.062 0.037333333333333336
8 0.755 0.5973333333333334 0.062 0.037333333333333336
8 0.755 0.5973333333333334 0.062 0.037333333333333336
8 0.755 0.5973333333333334 0.062 0.037333333333333336
8 0.755 0.5973333333333334 0.062 0.037333333333333336
8 0.755 0.5973333333333334 0.062 0.037333333333333336
8 0.755 0.5973333333333334 0.062 0.037333333333333336
8 0.755 0.5973333333333334 0.062 0.037333333333333336
8 0.755 0.5973333333333334 0.062 0.037333333333333336
8 0.755 0.5973333333333334 0.062 0.037333333333333336
