8 0.288 0.6501501501501501 0.172 0.3813813813813814
8 0.288 0.6501501501501501 0.172 0.3813813813813814
8 0.288 0.6501501501501501 0.172 0.3813813813813814
8 0.288 0.6501501501501501 0.172 0.3813813813813814
8 0.288 0.6501501501501501 0.172 0.3813813813813814
8 0.288 0.6501501501501501 0.172 0.3813813813813814
8 0.288 0.6501501501501501 0.172 0.3813813813813814
8 0.288 0.6501501501501501 0.172 0.3813813813813814
8 0.288 0.6501501501501501 0.172 0.3813813813813814
8 0.288 0.6501501501501501 0.172 0.3813813813813814
