18 0.386 0.7586666666666667 0.528 0.4826666666666667
18 0.386 0.7586666666666667 0.528 0.4826666666666667
18 0.386 0.7586666666666667 0.528 0.4826666666666667
18 0.386 0.7586666666666667 0.528 0.4826666666666667
18 0.386 0.7586666666666667 0.528 0.4826666666666667
18 0.386 0.7586666666666667 0.528 0.4826666666666667
18 0.386 0.7586666666666667 0.528 0.4826666666666667
18 0.386 0.7586666666666667 0.528 0.4826666666666667
18 0.386 0.7586666666666667 0.528 0.4826666666666667
18 0.386 0.7586666666666667 0.528 0.4826666666666667
18 0.386 0.7586666666666667 0.528 0.4826666666666667
18 0.386 0.7586666666666667 0.528 0.4826666666666667
