4 0.091 0.49534883720930234 0.058 0.14418604651162792
4 0.091 0.49534883720930234 0.058 0.14418604651162792
4 0.091 0.49534883720930234 0.058 0.14418604651162792
4 0.091 0.49534883720930234 0.058 0.14418604651162792
4 0.091 0.49534883720930234 0.058 0.14418604651162792
4 0.091 0.49534883720930234 0.058 0.14418604651162792
4 0.091 0.49534883720930234 0.058 0.14418604651162792
4 0.091 0.49534883720930234 0.058 0.14418604651162792
4 0.091 0.49534883720930234 0.058 0.14418604651162792
4 0.091 0.49534883720930234 0.058 0.14418604651162792
4 0.091 0.49534883720930234 0.058 0.14418604651162792
4 0.091 0.49534883720930234 0.058 0.14418604651162792
4 0.091 0.49534883720930234 0.058 0.14418604651162792
4 0.091 0.49534883720930234 0.058 0.14418604651162792
4 0.091 0.49534883720930234 0.058 0.14418604651162792
4 0.091 0.49534883720930234 0.058 0.14418604651162792
4 0.091 0.49534883720930234 0.058 0.14418604651162792
4 0.091 0.49534883720930234 0.058 0.14418604651162792
4 0.091 0.49534883720930234 0.058 0.14418604651162792
4 0.091 0.49534883720930234 0.058 0.14418604651162792
4 0.091 0.49534883720930234 0.058 0.14418604651162792
4 0.091 0.49534883720930234 0.058 0.14418604651162792
4 0.091 0.49534883720930234 0.058 0.14418604651162792
4 0.091 0.49534883720930234 0.058 0.14418604651162792
4 0.091 0.49534883720930234 0.058 0.14418604651162792
4 0.091 0.49534883720930234 0.058 0.14418604651162792
4 0.091 0.49534883720930234 0.058 0.14418604651162792
4 0.091 0.49534883720930234 0.058 0.14418604651162792
4 0.091 0.49534883720930234 0.058 0.14418604651162792
4 0.091 0.49534883720930234 0.058 0.14418604651162792
4 0.091 0.49534883720930234 0.058 0.14418604651162792
4 0.091 0.49534883720930234 0.058 0.14418604651162792
4 0.091 0.49534883720930234 0.058 0.14418604651162792
4 0.091 0.49534883720930234 0.058 0.14418604651162792
4 0.091 0.49534883720930234 0.058 0.14418604651162792
4 0.091 0.49534883720930234 0.058 0.14418604651162792
4 0.091 0.49534883720930234 0.058 0.14418604651162792
