1 0.483 0.6013333333333334 0.666 0.6586666666666666
1 0.483 0.6013333333333334 0.666 0.6586666666666666
1 0.483 0.6013333333333334 0.666 0.6586666666666666
1 0.483 0.6013333333333334 0.666 0.6586666666666666
1 0.483 0.6013333333333334 0.666 0.6586666666666666
1 0.483 0.6013333333333334 0.666 0.6586666666666666
1 0.483 0.6013333333333334 0.666 0.6586666666666666
1 0.483 0.6013333333333334 0.666 0.6586666666666666
1 0.483 0.6013333333333334 0.666 0.6586666666666666
1 0.483 0.6013333333333334 0.666 0.6586666666666666
1 0.483 0.6013333333333334 0.666 0.6586666666666666
1 0.483 0.6013333333333334 0.666 0.6586666666666666
1 0.483 0.6013333333333334 0.666 0.6586666666666666
1 0.483 0.6013333333333334 0.666 0.6586666666666666
1 0.483 0.6013333333333334 0.666 0.6586666666666666
1 0.483 0.6013333333333334 0.666 0.6586666666666666
1 0.483 0.6013333333333334 0.666 0.6586666666666666
1 0.483 0.6013333333333334 0.666 0.6586666666666666
1 0.483 0.6013333333333334 0.666 0.6586666666666666
