15 0.581 0.8603603603603603 0.086 0.14714714714714713
15 0.581 0.8603603603603603 0.086 0.14714714714714713
15 0.581 0.8603603603603603 0.086 0.14714714714714713
15 0.581 0.8603603603603603 0.086 0.14714714714714713
15 0.581 0.8603603603603603 0.086 0.14714714714714713
15 0.581 0.8603603603603603 0.086 0.14714714714714713
15 0.581 0.8603603603603603 0.086 0.14714714714714713
15 0.581 0.8603603603603603 0.086 0.14714714714714713
15 0.581 0.8603603603603603 0.086 0.14714714714714713
15 0.581 0.8603603603603603 0.086 0.14714714714714713
15 0.581 0.8603603603603603 0.086 0.14714714714714713
15 0.581 0.8603603603603603 0.086 0.14714714714714713
15 0.581 0.8603603603603603 0.086 0.14714714714714713
15 0.581 0.8603603603603603 0.086 0.14714714714714713
15 0.581 0.8603603603603603 0.086 0.14714714714714713
