18 0.397 0.8018018018018018 0.746 0.3963963963963964
18 0.397 0.8018018018018018 0.746 0.3963963963963964
18 0.397 0.8018018018018018 0.746 0.3963963963963964
18 0.397 0.8018018018018018 0.746 0.3963963963963964
18 0.397 0.8018018018018018 0.746 0.3963963963963964
18 0.397 0.8018018018018018 0.746 0.3963963963963964
18 0.397 0.8018018018018018 0.746 0.3963963963963964
18 0.397 0.8018018018018018 0.746 0.3963963963963964
18 0.397 0.8018018018018018 0.746 0.3963963963963964
18 0.397 0.8018018018018018 0.746 0.3963963963963964
18 0.397 0.8018018018018018 0.746 0.3963963963963964
