19 0.888 0.168 0.224 0.3253333333333333
19 0.888 0.168 0.224 0.3253333333333333
19 0.888 0.168 0.224 0.3253333333333333
19 0.888 0.168 0.224 0.3253333333333333
19 0.888 0.168 0.224 0.3253333333333333
19 0.888 0.168 0.224 0.3253333333333333
19 0.888 0.168 0.224 0.3253333333333333
19 0.888 0.168 0.224 0.3253333333333333
19 0.888 0.168 0.224 0.3253333333333333
19 0.888 0.168 0.224 0.3253333333333333
19 0.888 0.168 0.224 0.3253333333333333
19 0.888 0.168 0.224 0.3253333333333333
19 0.888 0.168 0.224 0.3253333333333333
19 0.888 0.168 0.224 0.3253333333333333
19 0.888 0.168 0.224 0.3253333333333333
