15 0.083 0.599 0.162 0.118
15 0.083 0.599 0.162 0.118
15 0.083 0.599 0.162 0.118
15 0.083 0.599 0.162 0.118
15 0.083 0.599 0.162 0.118
15 0.083 0.599 0.162 0.118
15 0.083 0.599 0.162 0.118
15 0.083 0.599 0.162 0.118
15 0.083 0.599 0.162 0.118
15 0.083 0.599 0.162 0.118
15 0.083 0.599 0.162 0.118
15 0.083 0.599 0.162 0.118
15 0.083 0.599 0.162 0.118
15 0.083 0.599 0.162 0.118
15 0.083 0.599 0.162 0.118
15 0.083 0.599 0.162 0.118
15 0.083 0.599 0.162 0.118
15 0.083 0.599 0.162 0.118
15 0.083 0.599 0.162 0.118
