2 0.878 0.728 0.044 0.13333333333333333
2 0.878 0.728 0.044 0.13333333333333333
2 0.878 0.728 0.044 0.13333333333333333
2 0.878 0.728 0.044 0.13333333333333333
2 0.878 0.728 0.044 0.13333333333333333
2 0.878 0.728 0.044 0.13333333333333333
2 0.878 0.728 0.044 0.13333333333333333
2 0.878 0.728 0.044 0.13333333333333333
2 0.878 0.728 0.044 0.13333333333333333
2 0.878 0.728 0.044 0.13333333333333333
2 0.878 0.728 0.044 0.13333333333333333
2 0.878 0.728 0.044 0.13333333333333333
2 0.878 0.728 0.044 0.13333333333333333
2 0.878 0.728 0.044 0.13333333333333333
2 0.878 0.728 0.044 0.13333333333333333
2 0.878 0.728 0.044 0.13333333333333333
2 0.878 0.728 0.044 0.13333333333333333
2 0.878 0.728 0.044 0.13333333333333333
