1 0.875 0.6596385542168675 0.162 0.14457831325301204
1 0.875 0.6596385542168675 0.162 0.14457831325301204
1 0.875 0.6596385542168675 0.162 0.14457831325301204
1 0.875 0.6596385542168675 0.162 0.14457831325301204
1 0.875 0.6596385542168675 0.162 0.14457831325301204
1 0.875 0.6596385542168675 0.162 0.14457831325301204
1 0.875 0.6596385542168675 0.162 0.14457831325301204
1 0.875 0.6596385542168675 0.162 0.14457831325301204
1 0.875 0.6596385542168675 0.162 0.14457831325301204
1 0.875 0.6596385542168675 0.162 0.14457831325301204
1 0.875 0.6596385542168675 0.162 0.14457831325301204
1 0.875 0.6596385542168675 0.162 0.14457831325301204
1 0.875 0.6596385542168675 0.162 0.14457831325301204
