11 0.714 0.6466666666666666 0.188 0.25866666666666666
11 0.714 0.6466666666666666 0.188 0.25866666666666666
11 0.714 0.6466666666666666 0.188 0.25866666666666666
11 0.714 0.6466666666666666 0.188 0.25866666666666666
11 0.714 0.6466666666666666 0.188 0.25866666666666666
11 0.714 0.6466666666666666 0.188 0.25866666666666666
11 0.714 0.6466666666666666 0.188 0.25866666666666666
11 0.714 0.6466666666666666 0.188 0.25866666666666666
11 0.714 0.6466666666666666 0.188 0.25866666666666666
11 0.714 0.6466666666666666 0.188 0.25866666666666666
11 0.714 0.6466666666666666 0.188 0.25866666666666666
11 0.714 0.6466666666666666 0.188 0.25866666666666666
11 0.714 0.6466666666666666 0.188 0.25866666666666666
11 0.714 0.6466666666666666 0.188 0.25866666666666666
