0 0.174 0.364 0.164 0.34933333333333333
0 0.174 0.364 0.164 0.34933333333333333
0 0.174 0.364 0.164 0.34933333333333333
0 0.174 0.364 0.164 0.34933333333333333
0 0.174 0.364 0.164 0.34933333333333333
0 0.174 0.364 0.164 0.34933333333333333
0 0.174 0.364 0.164 0.34933333333333333
0 0.174 0.364 0.164 0.34933333333333333
0 0.174 0.364 0.164 0.34933333333333333
0 0.174 0.364 0.164 0.34933333333333333
0 0.174 0.364 0.164 0.34933333333333333
0 0.174 0.364 0.164 0.34933333333333333
0 0.174 0.364 0.164 0.34933333333333333
