1 0.515 0.5435435435435435 0.954 0.7267267267267268
1 0.515 0.5435435435435435 0.954 0.7267267267267268
1 0.515 0.5435435435435435 0.954 0.7267267267267268
1 0.515 0.5435435435435435 0.954 0.7267267267267268
1 0.515 0.5435435435435435 0.954 0.7267267267267268
1 0.515 0.5435435435435435 0.954 0.7267267267267268
1 0.515 0.5435435435435435 0.954 0.7267267267267268
1 0.515 0.5435435435435435 0.954 0.7267267267267268
1 0.515 0.5435435435435435 0.954 0.7267267267267268
1 0.515 0.5435435435435435 0.954 0.7267267267267268
