1 0.782 0.7612612612612613 0.296 0.23123123123123124
1 0.782 0.7612612612612613 0.296 0.23123123123123124
1 0.782 0.7612612612612613 0.296 0.23123123123123124
1 0.782 0.7612612612612613 0.296 0.23123123123123124
1 0.782 0.7612612612612613 0.296 0.23123123123123124
1 0.782 0.7612612612612613 0.296 0.23123123123123124
1 0.782 0.7612612612612613 0.296 0.23123123123123124
1 0.782 0.7612612612612613 0.296 0.23123123123123124
1 0.782 0.7612612612612613 0.296 0.23123123123123124
1 0.782 0.7612612612612613 0.296 0.23123123123123124
1 0.782 0.7612612612612613 0.296 0.23123123123123124
