3 0.553 0.1021021021021021 0.018 0.04804804804804805
3 0.553 0.1021021021021021 0.018 0.04804804804804805
3 0.553 0.1021021021021021 0.018 0.04804804804804805
3 0.553 0.1021021021021021 0.018 0.04804804804804805
3 0.553 0.1021021021021021 0.018 0.04804804804804805
3 0.553 0.1021021021021021 0.018 0.04804804804804805
3 0.553 0.1021021021021021 0.018 0.04804804804804805
3 0.553 0.1021021021021021 0.018 0.04804804804804805
3 0.553 0.1021021021021021 0.018 0.04804804804804805
3 0.553 0.1021021021021021 0.018 0.04804804804804805
3 0.553 0.1021021021021021 0.018 0.04804804804804805
3 0.553 0.1021021021021021 0.018 0.04804804804804805
3 0.553 0.1021021021021021 0.018 0.04804804804804805
3 0.553 0.1021021021021021 0.018 0.04804804804804805
3 0.553 0.1021021021021021 0.018 0.04804804804804805
