11 0.625 0.6111111111111112 0.65 0.6410256410256411
11 0.625 0.6111111111111112 0.65 0.6410256410256411
11 0.625 0.6111111111111112 0.65 0.6410256410256411
11 0.625 0.6111111111111112 0.65 0.6410256410256411
11 0.625 0.6111111111111112 0.65 0.6410256410256411
11 0.625 0.6111111111111112 0.65 0.6410256410256411
11 0.625 0.6111111111111112 0.65 0.6410256410256411
11 0.625 0.6111111111111112 0.65 0.6410256410256411
11 0.625 0.6111111111111112 0.65 0.6410256410256411
11 0.625 0.6111111111111112 0.65 0.6410256410256411
11 0.625 0.6111111111111112 0.65 0.6410256410256411
11 0.625 0.6111111111111112 0.65 0.6410256410256411
11 0.625 0.6111111111111112 0.65 0.6410256410256411
11 0.625 0.6111111111111112 0.65 0.6410256410256411
