1 0.5 0.5493333333333333 0.996 0.7946666666666666
1 0.5 0.5493333333333333 0.996 0.7946666666666666
1 0.5 0.5493333333333333 0.996 0.7946666666666666
1 0.5 0.5493333333333333 0.996 0.7946666666666666
1 0.5 0.5493333333333333 0.996 0.7946666666666666
1 0.5 0.5493333333333333 0.996 0.7946666666666666
1 0.5 0.5493333333333333 0.996 0.7946666666666666
1 0.5 0.5493333333333333 0.996 0.7946666666666666
1 0.5 0.5493333333333333 0.996 0.7946666666666666
1 0.5 0.5493333333333333 0.996 0.7946666666666666
1 0.5 0.5493333333333333 0.996 0.7946666666666666
1 0.5 0.5493333333333333 0.996 0.7946666666666666
1 0.5 0.5493333333333333 0.996 0.7946666666666666
1 0.5 0.5493333333333333 0.996 0.7946666666666666
1 0.5 0.5493333333333333 0.996 0.7946666666666666
1 0.5 0.5493333333333333 0.996 0.7946666666666666
1 0.5 0.5493333333333333 0.996 0.7946666666666666
1 0.5 0.5493333333333333 0.996 0.7946666666666666
