18 0.514 0.6133333333333333 0.688 0.26666666666666666
18 0.514 0.6133333333333333 0.688 0.26666666666666666
18 0.514 0.6133333333333333 0.688 0.26666666666666666
18 0.514 0.6133333333333333 0.688 0.26666666666666666
18 0.514 0.6133333333333333 0.688 0.26666666666666666
18 0.514 0.6133333333333333 0.688 0.26666666666666666
18 0.514 0.6133333333333333 0.688 0.26666666666666666
18 0.514 0.6133333333333333 0.688 0.26666666666666666
18 0.514 0.6133333333333333 0.688 0.26666666666666666
18 0.514 0.6133333333333333 0.688 0.26666666666666666
18 0.514 0.6133333333333333 0.688 0.26666666666666666
