1 0.51 0.4653333333333333 0.748 0.31733333333333336
1 0.51 0.4653333333333333 0.748 0.31733333333333336
1 0.51 0.4653333333333333 0.748 0.31733333333333336
1 0.51 0.4653333333333333 0.748 0.31733333333333336
1 0.51 0.4653333333333333 0.748 0.31733333333333336
1 0.51 0.4653333333333333 0.748 0.31733333333333336
1 0.51 0.4653333333333333 0.748 0.31733333333333336
1 0.51 0.4653333333333333 0.748 0.31733333333333336
1 0.51 0.4653333333333333 0.748 0.31733333333333336
1 0.51 0.4653333333333333 0.748 0.31733333333333336
1 0.51 0.4653333333333333 0.748 0.31733333333333336
1 0.51 0.4653333333333333 0.748 0.31733333333333336
1 0.51 0.4653333333333333 0.748 0.31733333333333336
1 0.51 0.4653333333333333 0.748 0.31733333333333336
1 0.51 0.4653333333333333 0.748 0.31733333333333336
1 0.51 0.4653333333333333 0.748 0.31733333333333336
1 0.51 0.4653333333333333 0.748 0.31733333333333336
