3 0.308 0.43993993993993996 0.076 0.2912912912912913
3 0.308 0.43993993993993996 0.076 0.2912912912912913
3 0.308 0.43993993993993996 0.076 0.2912912912912913
3 0.308 0.43993993993993996 0.076 0.2912912912912913
3 0.308 0.43993993993993996 0.076 0.2912912912912913
3 0.308 0.43993993993993996 0.076 0.2912912912912913
3 0.308 0.43993993993993996 0.076 0.2912912912912913
3 0.308 0.43993993993993996 0.076 0.2912912912912913
3 0.308 0.43993993993993996 0.076 0.2912912912912913
3 0.308 0.43993993993993996 0.076 0.2912912912912913
3 0.308 0.43993993993993996 0.076 0.2912912912912913
3 0.308 0.43993993993993996 0.076 0.2912912912912913
3 0.308 0.43993993993993996 0.076 0.2912912912912913
3 0.308 0.43993993993993996 0.076 0.2912912912912913
3 0.308 0.43993993993993996 0.076 0.2912912912912913
