4 0.105 0.15466666666666667 0.206 0.304
4 0.105 0.15466666666666667 0.206 0.304
4 0.105 0.15466666666666667 0.206 0.304
4 0.105 0.15466666666666667 0.206 0.304
4 0.105 0.15466666666666667 0.206 0.304
4 0.105 0.15466666666666667 0.206 0.304
4 0.105 0.15466666666666667 0.206 0.304
4 0.105 0.15466666666666667 0.206 0.304
4 0.105 0.15466666666666667 0.206 0.304
4 0.105 0.15466666666666667 0.206 0.304
4 0.105 0.15466666666666667 0.206 0.304
4 0.105 0.15466666666666667 0.206 0.304
4 0.105 0.15466666666666667 0.206 0.304
