11 0.246 0.6531531531531531 0.244 0.6456456456456456
11 0.246 0.6531531531531531 0.244 0.6456456456456456
11 0.246 0.6531531531531531 0.244 0.6456456456456456
11 0.246 0.6531531531531531 0.244 0.6456456456456456
11 0.246 0.6531531531531531 0.244 0.6456456456456456
11 0.246 0.6531531531531531 0.244 0.6456456456456456
11 0.246 0.6531531531531531 0.244 0.6456456456456456
11 0.246 0.6531531531531531 0.244 0.6456456456456456
11 0.246 0.6531531531531531 0.244 0.6456456456456456
11 0.246 0.6531531531531531 0.244 0.6456456456456456
11 0.246 0.6531531531531531 0.244 0.6456456456456456
11 0.246 0.6531531531531531 0.244 0.6456456456456456
11 0.246 0.6531531531531531 0.244 0.6456456456456456
