14 0.271 0.7373333333333333 0.226 0.22666666666666666
14 0.271 0.7373333333333333 0.226 0.22666666666666666
14 0.271 0.7373333333333333 0.226 0.22666666666666666
14 0.271 0.7373333333333333 0.226 0.22666666666666666
14 0.271 0.7373333333333333 0.226 0.22666666666666666
14 0.271 0.7373333333333333 0.226 0.22666666666666666
14 0.271 0.7373333333333333 0.226 0.22666666666666666
14 0.271 0.7373333333333333 0.226 0.22666666666666666
14 0.271 0.7373333333333333 0.226 0.22666666666666666
14 0.271 0.7373333333333333 0.226 0.22666666666666666
14 0.271 0.7373333333333333 0.226 0.22666666666666666
14 0.271 0.7373333333333333 0.226 0.22666666666666666
14 0.271 0.7373333333333333 0.226 0.22666666666666666
14 0.271 0.7373333333333333 0.226 0.22666666666666666
