3 0.085 0.6 0.074 0.2613333333333333
3 0.085 0.6 0.074 0.2613333333333333
3 0.085 0.6 0.074 0.2613333333333333
3 0.085 0.6 0.074 0.2613333333333333
3 0.085 0.6 0.074 0.2613333333333333
3 0.085 0.6 0.074 0.2613333333333333
3 0.085 0.6 0.074 0.2613333333333333
3 0.085 0.6 0.074 0.2613333333333333
3 0.085 0.6 0.074 0.2613333333333333
3 0.085 0.6 0.074 0.2613333333333333
3 0.085 0.6 0.074 0.2613333333333333
3 0.085 0.6 0.074 0.2613333333333333
3 0.085 0.6 0.074 0.2613333333333333
3 0.085 0.6 0.074 0.2613333333333333
3 0.085 0.6 0.074 0.2613333333333333
3 0.085 0.6 0.074 0.2613333333333333
3 0.085 0.6 0.074 0.2613333333333333
3 0.085 0.6 0.074 0.2613333333333333
3 0.085 0.6 0.074 0.2613333333333333
3 0.085 0.6 0.074 0.2613333333333333
3 0.085 0.6 0.074 0.2613333333333333
3 0.085 0.6 0.074 0.2613333333333333
3 0.085 0.6 0.074 0.2613333333333333
3 0.085 0.6 0.074 0.2613333333333333
3 0.085 0.6 0.074 0.2613333333333333
3 0.085 0.6 0.074 0.2613333333333333
