17 0.649 0.4391025641025641 0.594 0.1858974358974359
17 0.649 0.4391025641025641 0.594 0.1858974358974359
17 0.649 0.4391025641025641 0.594 0.1858974358974359
17 0.649 0.4391025641025641 0.594 0.1858974358974359
17 0.649 0.4391025641025641 0.594 0.1858974358974359
17 0.649 0.4391025641025641 0.594 0.1858974358974359
17 0.649 0.4391025641025641 0.594 0.1858974358974359
17 0.649 0.4391025641025641 0.594 0.1858974358974359
17 0.649 0.4391025641025641 0.594 0.1858974358974359
17 0.649 0.4391025641025641 0.594 0.1858974358974359
