3 0.352 0.48133333333333334 0.032 0.168
3 0.352 0.48133333333333334 0.032 0.168
3 0.352 0.48133333333333334 0.032 0.168
3 0.352 0.48133333333333334 0.032 0.168
3 0.352 0.48133333333333334 0.032 0.168
3 0.352 0.48133333333333334 0.032 0.168
3 0.352 0.48133333333333334 0.032 0.168
3 0.352 0.48133333333333334 0.032 0.168
3 0.352 0.48133333333333334 0.032 0.168
3 0.352 0.48133333333333334 0.032 0.168
3 0.352 0.48133333333333334 0.032 0.168
3 0.352 0.48133333333333334 0.032 0.168
3 0.352 0.48133333333333334 0.032 0.168
3 0.352 0.48133333333333334 0.032 0.168
3 0.352 0.48133333333333334 0.032 0.168
3 0.352 0.48133333333333334 0.032 0.168
3 0.352 0.48133333333333334 0.032 0.168
3 0.352 0.48133333333333334 0.032 0.168
