15 0.142 0.31733333333333336 0.28 0.432
15 0.142 0.31733333333333336 0.28 0.432
15 0.142 0.31733333333333336 0.28 0.432
15 0.142 0.31733333333333336 0.28 0.432
15 0.142 0.31733333333333336 0.28 0.432
15 0.142 0.31733333333333336 0.28 0.432
15 0.142 0.31733333333333336 0.28 0.432
15 0.142 0.31733333333333336 0.28 0.432
15 0.142 0.31733333333333336 0.28 0.432
15 0.142 0.31733333333333336 0.28 0.432
15 0.142 0.31733333333333336 0.28 0.432
15 0.142 0.31733333333333336 0.28 0.432
15 0.142 0.31733333333333336 0.28 0.432
15 0.142 0.31733333333333336 0.28 0.432
15 0.142 0.31733333333333336 0.28 0.432
