8 0.521 0.6212574850299402 0.102 0.27844311377245506
8 0.521 0.6212574850299402 0.102 0.27844311377245506
8 0.521 0.6212574850299402 0.102 0.27844311377245506
8 0.521 0.6212574850299402 0.102 0.27844311377245506
8 0.521 0.6212574850299402 0.102 0.27844311377245506
8 0.521 0.6212574850299402 0.102 0.27844311377245506
8 0.521 0.6212574850299402 0.102 0.27844311377245506
8 0.521 0.6212574850299402 0.102 0.27844311377245506
8 0.521 0.6212574850299402 0.102 0.27844311377245506
8 0.521 0.6212574850299402 0.102 0.27844311377245506
8 0.521 0.6212574850299402 0.102 0.27844311377245506
8 0.521 0.6212574850299402 0.102 0.27844311377245506
8 0.521 0.6212574850299402 0.102 0.27844311377245506
8 0.521 0.6212574850299402 0.102 0.27844311377245506
8 0.521 0.6212574850299402 0.102 0.27844311377245506
8 0.521 0.6212574850299402 0.102 0.27844311377245506
8 0.521 0.6212574850299402 0.102 0.27844311377245506
8 0.521 0.6212574850299402 0.102 0.27844311377245506
8 0.521 0.6212574850299402 0.102 0.27844311377245506
8 0.521 0.6212574850299402 0.102 0.27844311377245506
8 0.521 0.6212574850299402 0.102 0.27844311377245506
8 0.521 0.6212574850299402 0.102 0.27844311377245506
8 0.521 0.6212574850299402 0.102 0.27844311377245506
8 0.521 0.6212574850299402 0.102 0.27844311377245506
8 0.521 0.6212574850299402 0.102 0.27844311377245506
8 0.521 0.6212574850299402 0.102 0.27844311377245506
