1 0.554 0.6156156156156156 0.552 0.43243243243243246
1 0.554 0.6156156156156156 0.552 0.43243243243243246
1 0.554 0.6156156156156156 0.552 0.43243243243243246
1 0.554 0.6156156156156156 0.552 0.43243243243243246
1 0.554 0.6156156156156156 0.552 0.43243243243243246
1 0.554 0.6156156156156156 0.552 0.43243243243243246
1 0.554 0.6156156156156156 0.552 0.43243243243243246
1 0.554 0.6156156156156156 0.552 0.43243243243243246
1 0.554 0.6156156156156156 0.552 0.43243243243243246
1 0.554 0.6156156156156156 0.552 0.43243243243243246
1 0.554 0.6156156156156156 0.552 0.43243243243243246
1 0.554 0.6156156156156156 0.552 0.43243243243243246
