1 0.188 0.7237237237237237 0.344 0.2042042042042042
1 0.188 0.7237237237237237 0.344 0.2042042042042042
1 0.188 0.7237237237237237 0.344 0.2042042042042042
1 0.188 0.7237237237237237 0.344 0.2042042042042042
1 0.188 0.7237237237237237 0.344 0.2042042042042042
1 0.188 0.7237237237237237 0.344 0.2042042042042042
1 0.188 0.7237237237237237 0.344 0.2042042042042042
1 0.188 0.7237237237237237 0.344 0.2042042042042042
1 0.188 0.7237237237237237 0.344 0.2042042042042042
1 0.188 0.7237237237237237 0.344 0.2042042042042042
1 0.188 0.7237237237237237 0.344 0.2042042042042042
1 0.188 0.7237237237237237 0.344 0.2042042042042042
1 0.188 0.7237237237237237 0.344 0.2042042042042042
