3 0.799 0.7027027027027027 0.062 0.21021021021021022
3 0.799 0.7027027027027027 0.062 0.21021021021021022
3 0.799 0.7027027027027027 0.062 0.21021021021021022
3 0.799 0.7027027027027027 0.062 0.21021021021021022
3 0.799 0.7027027027027027 0.062 0.21021021021021022
3 0.799 0.7027027027027027 0.062 0.21021021021021022
3 0.799 0.7027027027027027 0.062 0.21021021021021022
3 0.799 0.7027027027027027 0.062 0.21021021021021022
3 0.799 0.7027027027027027 0.062 0.21021021021021022
3 0.799 0.7027027027027027 0.062 0.21021021021021022
3 0.799 0.7027027027027027 0.062 0.21021021021021022
3 0.799 0.7027027027027027 0.062 0.21021021021021022
