11 0.6651651651651652 0.593 0.6696696696696697 0.814
11 0.6651651651651652 0.593 0.6696696696696697 0.814
11 0.6651651651651652 0.593 0.6696696696696697 0.814
11 0.6651651651651652 0.593 0.6696696696696697 0.814
11 0.6651651651651652 0.593 0.6696696696696697 0.814
11 0.6651651651651652 0.593 0.6696696696696697 0.814
11 0.6651651651651652 0.593 0.6696696696696697 0.814
11 0.6651651651651652 0.593 0.6696696696696697 0.814
11 0.6651651651651652 0.593 0.6696696696696697 0.814
11 0.6651651651651652 0.593 0.6696696696696697 0.814
