8 0.521 0.7067039106145251 0.43 0.4022346368715084
8 0.521 0.7067039106145251 0.43 0.4022346368715084
8 0.521 0.7067039106145251 0.43 0.4022346368715084
8 0.521 0.7067039106145251 0.43 0.4022346368715084
8 0.521 0.7067039106145251 0.43 0.4022346368715084
8 0.521 0.7067039106145251 0.43 0.4022346368715084
8 0.521 0.7067039106145251 0.43 0.4022346368715084
8 0.521 0.7067039106145251 0.43 0.4022346368715084
8 0.521 0.7067039106145251 0.43 0.4022346368715084
8 0.521 0.7067039106145251 0.43 0.4022346368715084
8 0.521 0.7067039106145251 0.43 0.4022346368715084
8 0.521 0.7067039106145251 0.43 0.4022346368715084
8 0.521 0.7067039106145251 0.43 0.4022346368715084
8 0.521 0.7067039106145251 0.43 0.4022346368715084
8 0.521 0.7067039106145251 0.43 0.4022346368715084
