19 0.442 0.6933333333333334 0.148 0.20266666666666666
19 0.442 0.6933333333333334 0.148 0.20266666666666666
19 0.442 0.6933333333333334 0.148 0.20266666666666666
19 0.442 0.6933333333333334 0.148 0.20266666666666666
19 0.442 0.6933333333333334 0.148 0.20266666666666666
19 0.442 0.6933333333333334 0.148 0.20266666666666666
19 0.442 0.6933333333333334 0.148 0.20266666666666666
19 0.442 0.6933333333333334 0.148 0.20266666666666666
19 0.442 0.6933333333333334 0.148 0.20266666666666666
19 0.442 0.6933333333333334 0.148 0.20266666666666666
