11 0.406 0.7266666666666667 0.112 0.264
11 0.406 0.7266666666666667 0.112 0.264
11 0.406 0.7266666666666667 0.112 0.264
11 0.406 0.7266666666666667 0.112 0.264
11 0.406 0.7266666666666667 0.112 0.264
11 0.406 0.7266666666666667 0.112 0.264
11 0.406 0.7266666666666667 0.112 0.264
11 0.406 0.7266666666666667 0.112 0.264
11 0.406 0.7266666666666667 0.112 0.264
11 0.406 0.7266666666666667 0.112 0.264
11 0.406 0.7266666666666667 0.112 0.264
11 0.406 0.7266666666666667 0.112 0.264
11 0.406 0.7266666666666667 0.112 0.264
11 0.406 0.7266666666666667 0.112 0.264
11 0.406 0.7266666666666667 0.112 0.264
11 0.406 0.7266666666666667 0.112 0.264
11 0.406 0.7266666666666667 0.112 0.264
11 0.406 0.7266666666666667 0.112 0.264
11 0.406 0.7266666666666667 0.112 0.264
