8 0.472 0.7230538922155688 0.488 0.4161676646706587
8 0.472 0.7230538922155688 0.488 0.4161676646706587
8 0.472 0.7230538922155688 0.488 0.4161676646706587
8 0.472 0.7230538922155688 0.488 0.4161676646706587
8 0.472 0.7230538922155688 0.488 0.4161676646706587
8 0.472 0.7230538922155688 0.488 0.4161676646706587
8 0.472 0.7230538922155688 0.488 0.4161676646706587
8 0.472 0.7230538922155688 0.488 0.4161676646706587
8 0.472 0.7230538922155688 0.488 0.4161676646706587
8 0.472 0.7230538922155688 0.488 0.4161676646706587
8 0.472 0.7230538922155688 0.488 0.4161676646706587
8 0.472 0.7230538922155688 0.488 0.4161676646706587
8 0.472 0.7230538922155688 0.488 0.4161676646706587
8 0.472 0.7230538922155688 0.488 0.4161676646706587
8 0.472 0.7230538922155688 0.488 0.4161676646706587
