8 0.809 0.6045454545454545 0.17 0.1606060606060606
8 0.809 0.6045454545454545 0.17 0.1606060606060606
8 0.809 0.6045454545454545 0.17 0.1606060606060606
8 0.809 0.6045454545454545 0.17 0.1606060606060606
8 0.809 0.6045454545454545 0.17 0.1606060606060606
8 0.809 0.6045454545454545 0.17 0.1606060606060606
8 0.809 0.6045454545454545 0.17 0.1606060606060606
8 0.809 0.6045454545454545 0.17 0.1606060606060606
8 0.809 0.6045454545454545 0.17 0.1606060606060606
8 0.809 0.6045454545454545 0.17 0.1606060606060606
8 0.809 0.6045454545454545 0.17 0.1606060606060606
8 0.809 0.6045454545454545 0.17 0.1606060606060606
