0 0.9608433734939759 0.586 0.0783132530120482 0.184
0 0.9608433734939759 0.586 0.0783132530120482 0.184
0 0.9608433734939759 0.586 0.0783132530120482 0.184
0 0.9608433734939759 0.586 0.0783132530120482 0.184
0 0.9608433734939759 0.586 0.0783132530120482 0.184
0 0.9608433734939759 0.586 0.0783132530120482 0.184
0 0.9608433734939759 0.586 0.0783132530120482 0.184
0 0.9608433734939759 0.586 0.0783132530120482 0.184
0 0.9608433734939759 0.586 0.0783132530120482 0.184
0 0.9608433734939759 0.586 0.0783132530120482 0.184
