0 0.3213213213213213 0.427 0.6366366366366366 0.758
0 0.3213213213213213 0.427 0.6366366366366366 0.758
0 0.3213213213213213 0.427 0.6366366366366366 0.758
0 0.3213213213213213 0.427 0.6366366366366366 0.758
0 0.3213213213213213 0.427 0.6366366366366366 0.758
0 0.3213213213213213 0.427 0.6366366366366366 0.758
0 0.3213213213213213 0.427 0.6366366366366366 0.758
0 0.3213213213213213 0.427 0.6366366366366366 0.758
0 0.3213213213213213 0.427 0.6366366366366366 0.758
0 0.3213213213213213 0.427 0.6366366366366366 0.758
0 0.3213213213213213 0.427 0.6366366366366366 0.758
