4 0.08136094674556213 0.264 0.1390532544378698 0.112
4 0.08136094674556213 0.264 0.1390532544378698 0.112
4 0.08136094674556213 0.264 0.1390532544378698 0.112
4 0.08136094674556213 0.264 0.1390532544378698 0.112
4 0.08136094674556213 0.264 0.1390532544378698 0.112
4 0.08136094674556213 0.264 0.1390532544378698 0.112
4 0.08136094674556213 0.264 0.1390532544378698 0.112
4 0.08136094674556213 0.264 0.1390532544378698 0.112
4 0.08136094674556213 0.264 0.1390532544378698 0.112
4 0.08136094674556213 0.264 0.1390532544378698 0.112
4 0.08136094674556213 0.264 0.1390532544378698 0.112
4 0.08136094674556213 0.264 0.1390532544378698 0.112
4 0.08136094674556213 0.264 0.1390532544378698 0.112
