11 0.114 0.536 0.188 0.18133333333333335
11 0.114 0.536 0.188 0.18133333333333335
11 0.114 0.536 0.188 0.18133333333333335
11 0.114 0.536 0.188 0.18133333333333335
11 0.114 0.536 0.188 0.18133333333333335
11 0.114 0.536 0.188 0.18133333333333335
11 0.114 0.536 0.188 0.18133333333333335
11 0.114 0.536 0.188 0.18133333333333335
11 0.114 0.536 0.188 0.18133333333333335
11 0.114 0.536 0.188 0.18133333333333335
11 0.114 0.536 0.188 0.18133333333333335
11 0.114 0.536 0.188 0.18133333333333335
11 0.114 0.536 0.188 0.18133333333333335
11 0.114 0.536 0.188 0.18133333333333335
