18 0.4746666666666667 0.735 0.768 0.53
18 0.4746666666666667 0.735 0.768 0.53
18 0.4746666666666667 0.735 0.768 0.53
18 0.4746666666666667 0.735 0.768 0.53
18 0.4746666666666667 0.735 0.768 0.53
18 0.4746666666666667 0.735 0.768 0.53
18 0.4746666666666667 0.735 0.768 0.53
18 0.4746666666666667 0.735 0.768 0.53
18 0.4746666666666667 0.735 0.768 0.53
18 0.4746666666666667 0.735 0.768 0.53
18 0.4746666666666667 0.735 0.768 0.53
18 0.4746666666666667 0.735 0.768 0.53
18 0.4746666666666667 0.735 0.768 0.53
