10 0.344 0.2786666666666667 0.684 0.5466666666666666
10 0.344 0.2786666666666667 0.684 0.5466666666666666
10 0.344 0.2786666666666667 0.684 0.5466666666666666
10 0.344 0.2786666666666667 0.684 0.5466666666666666
10 0.344 0.2786666666666667 0.684 0.5466666666666666
10 0.344 0.2786666666666667 0.684 0.5466666666666666
10 0.344 0.2786666666666667 0.684 0.5466666666666666
10 0.344 0.2786666666666667 0.684 0.5466666666666666
10 0.344 0.2786666666666667 0.684 0.5466666666666666
10 0.344 0.2786666666666667 0.684 0.5466666666666666
