5 0.244 0.18351063829787234 0.136 0.10106382978723404
5 0.244 0.18351063829787234 0.136 0.10106382978723404
5 0.244 0.18351063829787234 0.136 0.10106382978723404
5 0.244 0.18351063829787234 0.136 0.10106382978723404
5 0.244 0.18351063829787234 0.136 0.10106382978723404
5 0.244 0.18351063829787234 0.136 0.10106382978723404
5 0.244 0.18351063829787234 0.136 0.10106382978723404
5 0.244 0.18351063829787234 0.136 0.10106382978723404
5 0.244 0.18351063829787234 0.136 0.10106382978723404
5 0.244 0.18351063829787234 0.136 0.10106382978723404
5 0.244 0.18351063829787234 0.136 0.10106382978723404
5 0.244 0.18351063829787234 0.136 0.10106382978723404
5 0.244 0.18351063829787234 0.136 0.10106382978723404
5 0.244 0.18351063829787234 0.136 0.10106382978723404
5 0.244 0.18351063829787234 0.136 0.10106382978723404
5 0.244 0.18351063829787234 0.136 0.10106382978723404
5 0.244 0.18351063829787234 0.136 0.10106382978723404
5 0.244 0.18351063829787234 0.136 0.10106382978723404
5 0.244 0.18351063829787234 0.136 0.10106382978723404
5 0.244 0.18351063829787234 0.136 0.10106382978723404
5 0.244 0.18351063829787234 0.136 0.10106382978723404
5 0.244 0.18351063829787234 0.136 0.10106382978723404
5 0.244 0.18351063829787234 0.136 0.10106382978723404
5 0.244 0.18351063829787234 0.136 0.10106382978723404
5 0.244 0.18351063829787234 0.136 0.10106382978723404
5 0.244 0.18351063829787234 0.136 0.10106382978723404
5 0.244 0.18351063829787234 0.136 0.10106382978723404
5 0.244 0.18351063829787234 0.136 0.10106382978723404
5 0.244 0.18351063829787234 0.136 0.10106382978723404
5 0.244 0.18351063829787234 0.136 0.10106382978723404
5 0.244 0.18351063829787234 0.136 0.10106382978723404
5 0.244 0.18351063829787234 0.136 0.10106382978723404
5 0.244 0.18351063829787234 0.136 0.10106382978723404
5 0.244 0.18351063829787234 0.136 0.10106382978723404
5 0.244 0.18351063829787234 0.136 0.10106382978723404
5 0.244 0.18351063829787234 0.136 0.10106382978723404
5 0.244 0.18351063829787234 0.136 0.10106382978723404
5 0.244 0.18351063829787234 0.136 0.10106382978723404
5 0.244 0.18351063829787234 0.136 0.10106382978723404
5 0.244 0.18351063829787234 0.136 0.10106382978723404
5 0.244 0.18351063829787234 0.136 0.10106382978723404
5 0.244 0.18351063829787234 0.136 0.10106382978723404
