10 0.501 0.47333333333333333 0.998 0.936
10 0.501 0.47333333333333333 0.998 0.936
10 0.501 0.47333333333333333 0.998 0.936
10 0.501 0.47333333333333333 0.998 0.936
10 0.501 0.47333333333333333 0.998 0.936
10 0.501 0.47333333333333333 0.998 0.936
10 0.501 0.47333333333333333 0.998 0.936
10 0.501 0.47333333333333333 0.998 0.936
10 0.501 0.47333333333333333 0.998 0.936
10 0.501 0.47333333333333333 0.998 0.936
10 0.501 0.47333333333333333 0.998 0.936
10 0.501 0.47333333333333333 0.998 0.936
10 0.501 0.47333333333333333 0.998 0.936
10 0.501 0.47333333333333333 0.998 0.936
10 0.501 0.47333333333333333 0.998 0.936
10 0.501 0.47333333333333333 0.998 0.936
10 0.501 0.47333333333333333 0.998 0.936
10 0.501 0.47333333333333333 0.998 0.936
10 0.501 0.47333333333333333 0.998 0.936
10 0.501 0.47333333333333333 0.998 0.936
10 0.501 0.47333333333333333 0.998 0.936
10 0.501 0.47333333333333333 0.998 0.936
10 0.501 0.47333333333333333 0.998 0.936
