0 0.461 0.27066666666666667 0.042 0.14666666666666667
0 0.461 0.27066666666666667 0.042 0.14666666666666667
0 0.461 0.27066666666666667 0.042 0.14666666666666667
0 0.461 0.27066666666666667 0.042 0.14666666666666667
0 0.461 0.27066666666666667 0.042 0.14666666666666667
0 0.461 0.27066666666666667 0.042 0.14666666666666667
0 0.461 0.27066666666666667 0.042 0.14666666666666667
0 0.461 0.27066666666666667 0.042 0.14666666666666667
0 0.461 0.27066666666666667 0.042 0.14666666666666667
0 0.461 0.27066666666666667 0.042 0.14666666666666667
0 0.461 0.27066666666666667 0.042 0.14666666666666667
0 0.461 0.27066666666666667 0.042 0.14666666666666667
