9 0.809 0.5760869565217391 0.226 0.2826086956521739
9 0.809 0.5760869565217391 0.226 0.2826086956521739
9 0.809 0.5760869565217391 0.226 0.2826086956521739
9 0.809 0.5760869565217391 0.226 0.2826086956521739
9 0.809 0.5760869565217391 0.226 0.2826086956521739
9 0.809 0.5760869565217391 0.226 0.2826086956521739
9 0.809 0.5760869565217391 0.226 0.2826086956521739
9 0.809 0.5760869565217391 0.226 0.2826086956521739
9 0.809 0.5760869565217391 0.226 0.2826086956521739
9 0.809 0.5760869565217391 0.226 0.2826086956521739
9 0.809 0.5760869565217391 0.226 0.2826086956521739
9 0.809 0.5760869565217391 0.226 0.2826086956521739
9 0.809 0.5760869565217391 0.226 0.2826086956521739
9 0.809 0.5760869565217391 0.226 0.2826086956521739
9 0.809 0.5760869565217391 0.226 0.2826086956521739
9 0.809 0.5760869565217391 0.226 0.2826086956521739
