18 0.531 0.6465256797583081 0.838 0.7069486404833837
18 0.531 0.6465256797583081 0.838 0.7069486404833837
18 0.531 0.6465256797583081 0.838 0.7069486404833837
18 0.531 0.6465256797583081 0.838 0.7069486404833837
18 0.531 0.6465256797583081 0.838 0.7069486404833837
18 0.531 0.6465256797583081 0.838 0.7069486404833837
18 0.531 0.6465256797583081 0.838 0.7069486404833837
18 0.531 0.6465256797583081 0.838 0.7069486404833837
18 0.531 0.6465256797583081 0.838 0.7069486404833837
18 0.531 0.6465256797583081 0.838 0.7069486404833837
18 0.531 0.6465256797583081 0.838 0.7069486404833837
18 0.531 0.6465256797583081 0.838 0.7069486404833837
