0 0.691 0.576 0.266 0.7733333333333333
0 0.691 0.576 0.266 0.7733333333333333
0 0.691 0.576 0.266 0.7733333333333333
0 0.691 0.576 0.266 0.7733333333333333
0 0.691 0.576 0.266 0.7733333333333333
0 0.691 0.576 0.266 0.7733333333333333
0 0.691 0.576 0.266 0.7733333333333333
0 0.691 0.576 0.266 0.7733333333333333
0 0.691 0.576 0.266 0.7733333333333333
0 0.691 0.576 0.266 0.7733333333333333
0 0.691 0.576 0.266 0.7733333333333333
0 0.691 0.576 0.266 0.7733333333333333
0 0.691 0.576 0.266 0.7733333333333333
0 0.691 0.576 0.266 0.7733333333333333
0 0.691 0.576 0.266 0.7733333333333333
