8 0.7 0.7332402234636871 0.072 0.19832402234636873
8 0.7 0.7332402234636871 0.072 0.19832402234636873
8 0.7 0.7332402234636871 0.072 0.19832402234636873
8 0.7 0.7332402234636871 0.072 0.19832402234636873
8 0.7 0.7332402234636871 0.072 0.19832402234636873
8 0.7 0.7332402234636871 0.072 0.19832402234636873
8 0.7 0.7332402234636871 0.072 0.19832402234636873
8 0.7 0.7332402234636871 0.072 0.19832402234636873
8 0.7 0.7332402234636871 0.072 0.19832402234636873
8 0.7 0.7332402234636871 0.072 0.19832402234636873
8 0.7 0.7332402234636871 0.072 0.19832402234636873
8 0.7 0.7332402234636871 0.072 0.19832402234636873
8 0.7 0.7332402234636871 0.072 0.19832402234636873
8 0.7 0.7332402234636871 0.072 0.19832402234636873
8 0.7 0.7332402234636871 0.072 0.19832402234636873
8 0.7 0.7332402234636871 0.072 0.19832402234636873
8 0.7 0.7332402234636871 0.072 0.19832402234636873
8 0.7 0.7332402234636871 0.072 0.19832402234636873
