0 0.597 0.576 0.098 0.6346666666666667
0 0.597 0.576 0.098 0.6346666666666667
0 0.597 0.576 0.098 0.6346666666666667
0 0.597 0.576 0.098 0.6346666666666667
0 0.597 0.576 0.098 0.6346666666666667
0 0.597 0.576 0.098 0.6346666666666667
0 0.597 0.576 0.098 0.6346666666666667
0 0.597 0.576 0.098 0.6346666666666667
0 0.597 0.576 0.098 0.6346666666666667
0 0.597 0.576 0.098 0.6346666666666667
0 0.597 0.576 0.098 0.6346666666666667
0 0.597 0.576 0.098 0.6346666666666667
0 0.597 0.576 0.098 0.6346666666666667
0 0.597 0.576 0.098 0.6346666666666667
0 0.597 0.576 0.098 0.6346666666666667
