9 0.667 0.7170818505338078 0.426 0.45907473309608543
9 0.667 0.7170818505338078 0.426 0.45907473309608543
9 0.667 0.7170818505338078 0.426 0.45907473309608543
9 0.667 0.7170818505338078 0.426 0.45907473309608543
9 0.667 0.7170818505338078 0.426 0.45907473309608543
9 0.667 0.7170818505338078 0.426 0.45907473309608543
9 0.667 0.7170818505338078 0.426 0.45907473309608543
9 0.667 0.7170818505338078 0.426 0.45907473309608543
9 0.667 0.7170818505338078 0.426 0.45907473309608543
9 0.667 0.7170818505338078 0.426 0.45907473309608543
9 0.667 0.7170818505338078 0.426 0.45907473309608543
9 0.667 0.7170818505338078 0.426 0.45907473309608543
