8 0.886 0.6287128712871287 0.196 0.5841584158415841
8 0.886 0.6287128712871287 0.196 0.5841584158415841
8 0.886 0.6287128712871287 0.196 0.5841584158415841
8 0.886 0.6287128712871287 0.196 0.5841584158415841
8 0.886 0.6287128712871287 0.196 0.5841584158415841
8 0.886 0.6287128712871287 0.196 0.5841584158415841
8 0.886 0.6287128712871287 0.196 0.5841584158415841
8 0.886 0.6287128712871287 0.196 0.5841584158415841
8 0.886 0.6287128712871287 0.196 0.5841584158415841
8 0.886 0.6287128712871287 0.196 0.5841584158415841
