18 0.562 0.5506666666666666 0.876 0.4186666666666667
18 0.562 0.5506666666666666 0.876 0.4186666666666667
18 0.562 0.5506666666666666 0.876 0.4186666666666667
18 0.562 0.5506666666666666 0.876 0.4186666666666667
18 0.562 0.5506666666666666 0.876 0.4186666666666667
18 0.562 0.5506666666666666 0.876 0.4186666666666667
18 0.562 0.5506666666666666 0.876 0.4186666666666667
18 0.562 0.5506666666666666 0.876 0.4186666666666667
18 0.562 0.5506666666666666 0.876 0.4186666666666667
18 0.562 0.5506666666666666 0.876 0.4186666666666667
18 0.562 0.5506666666666666 0.876 0.4186666666666667
18 0.562 0.5506666666666666 0.876 0.4186666666666667
18 0.562 0.5506666666666666 0.876 0.4186666666666667
18 0.562 0.5506666666666666 0.876 0.4186666666666667
18 0.562 0.5506666666666666 0.876 0.4186666666666667
18 0.562 0.5506666666666666 0.876 0.4186666666666667
