11 0.91 0.5589123867069486 0.18 0.36253776435045315
11 0.91 0.5589123867069486 0.18 0.36253776435045315
11 0.91 0.5589123867069486 0.18 0.36253776435045315
11 0.91 0.5589123867069486 0.18 0.36253776435045315
11 0.91 0.5589123867069486 0.18 0.36253776435045315
11 0.91 0.5589123867069486 0.18 0.36253776435045315
11 0.91 0.5589123867069486 0.18 0.36253776435045315
11 0.91 0.5589123867069486 0.18 0.36253776435045315
11 0.91 0.5589123867069486 0.18 0.36253776435045315
11 0.91 0.5589123867069486 0.18 0.36253776435045315
11 0.91 0.5589123867069486 0.18 0.36253776435045315
