0 0.079 0.468 0.034 0.19466666666666665
0 0.079 0.468 0.034 0.19466666666666665
0 0.079 0.468 0.034 0.19466666666666665
0 0.079 0.468 0.034 0.19466666666666665
0 0.079 0.468 0.034 0.19466666666666665
0 0.079 0.468 0.034 0.19466666666666665
0 0.079 0.468 0.034 0.19466666666666665
0 0.079 0.468 0.034 0.19466666666666665
0 0.079 0.468 0.034 0.19466666666666665
0 0.079 0.468 0.034 0.19466666666666665
0 0.079 0.468 0.034 0.19466666666666665
0 0.079 0.468 0.034 0.19466666666666665
0 0.079 0.468 0.034 0.19466666666666665
0 0.079 0.468 0.034 0.19466666666666665
0 0.079 0.468 0.034 0.19466666666666665
0 0.079 0.468 0.034 0.19466666666666665
