0 0.434 0.6196808510638298 0.08 0.19148936170212766
0 0.434 0.6196808510638298 0.08 0.19148936170212766
0 0.434 0.6196808510638298 0.08 0.19148936170212766
0 0.434 0.6196808510638298 0.08 0.19148936170212766
0 0.434 0.6196808510638298 0.08 0.19148936170212766
0 0.434 0.6196808510638298 0.08 0.19148936170212766
0 0.434 0.6196808510638298 0.08 0.19148936170212766
0 0.434 0.6196808510638298 0.08 0.19148936170212766
0 0.434 0.6196808510638298 0.08 0.19148936170212766
0 0.434 0.6196808510638298 0.08 0.19148936170212766
0 0.434 0.6196808510638298 0.08 0.19148936170212766
0 0.434 0.6196808510638298 0.08 0.19148936170212766
