5 0.927 0.428 0.05 0.06133333333333333
5 0.927 0.428 0.05 0.06133333333333333
5 0.927 0.428 0.05 0.06133333333333333
5 0.927 0.428 0.05 0.06133333333333333
5 0.927 0.428 0.05 0.06133333333333333
5 0.927 0.428 0.05 0.06133333333333333
5 0.927 0.428 0.05 0.06133333333333333
5 0.927 0.428 0.05 0.06133333333333333
5 0.927 0.428 0.05 0.06133333333333333
5 0.927 0.428 0.05 0.06133333333333333
5 0.927 0.428 0.05 0.06133333333333333
5 0.927 0.428 0.05 0.06133333333333333
5 0.927 0.428 0.05 0.06133333333333333
5 0.927 0.428 0.05 0.06133333333333333
5 0.927 0.428 0.05 0.06133333333333333
5 0.927 0.428 0.05 0.06133333333333333
5 0.927 0.428 0.05 0.06133333333333333
5 0.927 0.428 0.05 0.06133333333333333
5 0.927 0.428 0.05 0.06133333333333333
5 0.927 0.428 0.05 0.06133333333333333
5 0.927 0.428 0.05 0.06133333333333333
5 0.927 0.428 0.05 0.06133333333333333
5 0.927 0.428 0.05 0.06133333333333333
