19 0.101 0.3595166163141994 0.198 0.3685800604229607
19 0.101 0.3595166163141994 0.198 0.3685800604229607
19 0.101 0.3595166163141994 0.198 0.3685800604229607
19 0.101 0.3595166163141994 0.198 0.3685800604229607
19 0.101 0.3595166163141994 0.198 0.3685800604229607
19 0.101 0.3595166163141994 0.198 0.3685800604229607
19 0.101 0.3595166163141994 0.198 0.3685800604229607
19 0.101 0.3595166163141994 0.198 0.3685800604229607
19 0.101 0.3595166163141994 0.198 0.3685800604229607
19 0.101 0.3595166163141994 0.198 0.3685800604229607
19 0.101 0.3595166163141994 0.198 0.3685800604229607
19 0.101 0.3595166163141994 0.198 0.3685800604229607
19 0.101 0.3595166163141994 0.198 0.3685800604229607
