18 0.544 0.8426666666666667 0.632 0.31466666666666665
18 0.544 0.8426666666666667 0.632 0.31466666666666665
18 0.544 0.8426666666666667 0.632 0.31466666666666665
18 0.544 0.8426666666666667 0.632 0.31466666666666665
18 0.544 0.8426666666666667 0.632 0.31466666666666665
18 0.544 0.8426666666666667 0.632 0.31466666666666665
18 0.544 0.8426666666666667 0.632 0.31466666666666665
18 0.544 0.8426666666666667 0.632 0.31466666666666665
18 0.544 0.8426666666666667 0.632 0.31466666666666665
18 0.544 0.8426666666666667 0.632 0.31466666666666665
18 0.544 0.8426666666666667 0.632 0.31466666666666665
18 0.544 0.8426666666666667 0.632 0.31466666666666665
