0 0.43 0.6626666666666666 0.248 0.6746666666666666
0 0.43 0.6626666666666666 0.248 0.6746666666666666
0 0.43 0.6626666666666666 0.248 0.6746666666666666
0 0.43 0.6626666666666666 0.248 0.6746666666666666
0 0.43 0.6626666666666666 0.248 0.6746666666666666
0 0.43 0.6626666666666666 0.248 0.6746666666666666
0 0.43 0.6626666666666666 0.248 0.6746666666666666
0 0.43 0.6626666666666666 0.248 0.6746666666666666
0 0.43 0.6626666666666666 0.248 0.6746666666666666
0 0.43 0.6626666666666666 0.248 0.6746666666666666
0 0.43 0.6626666666666666 0.248 0.6746666666666666
