0 0.876 0.30133333333333334 0.036 0.09066666666666667
0 0.876 0.30133333333333334 0.036 0.09066666666666667
0 0.876 0.30133333333333334 0.036 0.09066666666666667
0 0.876 0.30133333333333334 0.036 0.09066666666666667
0 0.876 0.30133333333333334 0.036 0.09066666666666667
0 0.876 0.30133333333333334 0.036 0.09066666666666667
0 0.876 0.30133333333333334 0.036 0.09066666666666667
0 0.876 0.30133333333333334 0.036 0.09066666666666667
0 0.876 0.30133333333333334 0.036 0.09066666666666667
0 0.876 0.30133333333333334 0.036 0.09066666666666667
0 0.876 0.30133333333333334 0.036 0.09066666666666667
