2 0.9626666666666667 0.714 0.07466666666666667 0.344
2 0.9626666666666667 0.714 0.07466666666666667 0.344
2 0.9626666666666667 0.714 0.07466666666666667 0.344
2 0.9626666666666667 0.714 0.07466666666666667 0.344
2 0.9626666666666667 0.714 0.07466666666666667 0.344
2 0.9626666666666667 0.714 0.07466666666666667 0.344
2 0.9626666666666667 0.714 0.07466666666666667 0.344
2 0.9626666666666667 0.714 0.07466666666666667 0.344
2 0.9626666666666667 0.714 0.07466666666666667 0.344
2 0.9626666666666667 0.714 0.07466666666666667 0.344
2 0.9626666666666667 0.714 0.07466666666666667 0.344
2 0.9626666666666667 0.714 0.07466666666666667 0.344
2 0.9626666666666667 0.714 0.07466666666666667 0.344
