0 0.164 0.6026666666666667 0.204 0.7946666666666666
0 0.164 0.6026666666666667 0.204 0.7946666666666666
0 0.164 0.6026666666666667 0.204 0.7946666666666666
0 0.164 0.6026666666666667 0.204 0.7946666666666666
0 0.164 0.6026666666666667 0.204 0.7946666666666666
0 0.164 0.6026666666666667 0.204 0.7946666666666666
0 0.164 0.6026666666666667 0.204 0.7946666666666666
0 0.164 0.6026666666666667 0.204 0.7946666666666666
0 0.164 0.6026666666666667 0.204 0.7946666666666666
0 0.164 0.6026666666666667 0.204 0.7946666666666666
0 0.164 0.6026666666666667 0.204 0.7946666666666666
0 0.164 0.6026666666666667 0.204 0.7946666666666666
0 0.164 0.6026666666666667 0.204 0.7946666666666666
