8 0.695 0.7226666666666667 0.278 0.30933333333333335
8 0.695 0.7226666666666667 0.278 0.30933333333333335
8 0.695 0.7226666666666667 0.278 0.30933333333333335
8 0.695 0.7226666666666667 0.278 0.30933333333333335
8 0.695 0.7226666666666667 0.278 0.30933333333333335
8 0.695 0.7226666666666667 0.278 0.30933333333333335
8 0.695 0.7226666666666667 0.278 0.30933333333333335
8 0.695 0.7226666666666667 0.278 0.30933333333333335
8 0.695 0.7226666666666667 0.278 0.30933333333333335
8 0.695 0.7226666666666667 0.278 0.30933333333333335
8 0.695 0.7226666666666667 0.278 0.30933333333333335
8 0.695 0.7226666666666667 0.278 0.30933333333333335
8 0.695 0.7226666666666667 0.278 0.30933333333333335
8 0.695 0.7226666666666667 0.278 0.30933333333333335
8 0.695 0.7226666666666667 0.278 0.30933333333333335
8 0.695 0.7226666666666667 0.278 0.30933333333333335
8 0.695 0.7226666666666667 0.278 0.30933333333333335
8 0.695 0.7226666666666667 0.278 0.30933333333333335
8 0.695 0.7226666666666667 0.278 0.30933333333333335
