3 0.504 0.576271186440678 0.028 0.15819209039548024
3 0.504 0.576271186440678 0.028 0.15819209039548024
3 0.504 0.576271186440678 0.028 0.15819209039548024
3 0.504 0.576271186440678 0.028 0.15819209039548024
3 0.504 0.576271186440678 0.028 0.15819209039548024
3 0.504 0.576271186440678 0.028 0.15819209039548024
3 0.504 0.576271186440678 0.028 0.15819209039548024
3 0.504 0.576271186440678 0.028 0.15819209039548024
3 0.504 0.576271186440678 0.028 0.15819209039548024
3 0.504 0.576271186440678 0.028 0.15819209039548024
3 0.504 0.576271186440678 0.028 0.15819209039548024
3 0.504 0.576271186440678 0.028 0.15819209039548024
3 0.504 0.576271186440678 0.028 0.15819209039548024
3 0.504 0.576271186440678 0.028 0.15819209039548024
3 0.504 0.576271186440678 0.028 0.15819209039548024
3 0.504 0.576271186440678 0.028 0.15819209039548024
3 0.504 0.576271186440678 0.028 0.15819209039548024
3 0.504 0.576271186440678 0.028 0.15819209039548024
3 0.504 0.576271186440678 0.028 0.15819209039548024
3 0.504 0.576271186440678 0.028 0.15819209039548024
