19 0.663 0.6882530120481928 0.35 0.3825301204819277
19 0.663 0.6882530120481928 0.35 0.3825301204819277
19 0.663 0.6882530120481928 0.35 0.3825301204819277
19 0.663 0.6882530120481928 0.35 0.3825301204819277
19 0.663 0.6882530120481928 0.35 0.3825301204819277
19 0.663 0.6882530120481928 0.35 0.3825301204819277
19 0.663 0.6882530120481928 0.35 0.3825301204819277
19 0.663 0.6882530120481928 0.35 0.3825301204819277
19 0.663 0.6882530120481928 0.35 0.3825301204819277
19 0.663 0.6882530120481928 0.35 0.3825301204819277
