11 0.461 0.5406626506024096 0.49 0.6837349397590361
11 0.461 0.5406626506024096 0.49 0.6837349397590361
11 0.461 0.5406626506024096 0.49 0.6837349397590361
11 0.461 0.5406626506024096 0.49 0.6837349397590361
11 0.461 0.5406626506024096 0.49 0.6837349397590361
11 0.461 0.5406626506024096 0.49 0.6837349397590361
11 0.461 0.5406626506024096 0.49 0.6837349397590361
11 0.461 0.5406626506024096 0.49 0.6837349397590361
11 0.461 0.5406626506024096 0.49 0.6837349397590361
11 0.461 0.5406626506024096 0.49 0.6837349397590361
