1 0.509 0.5435435435435435 0.67 0.6126126126126126
1 0.509 0.5435435435435435 0.67 0.6126126126126126
1 0.509 0.5435435435435435 0.67 0.6126126126126126
1 0.509 0.5435435435435435 0.67 0.6126126126126126
1 0.509 0.5435435435435435 0.67 0.6126126126126126
1 0.509 0.5435435435435435 0.67 0.6126126126126126
1 0.509 0.5435435435435435 0.67 0.6126126126126126
1 0.509 0.5435435435435435 0.67 0.6126126126126126
1 0.509 0.5435435435435435 0.67 0.6126126126126126
1 0.509 0.5435435435435435 0.67 0.6126126126126126
1 0.509 0.5435435435435435 0.67 0.6126126126126126
1 0.509 0.5435435435435435 0.67 0.6126126126126126
1 0.509 0.5435435435435435 0.67 0.6126126126126126
1 0.509 0.5435435435435435 0.67 0.6126126126126126
1 0.509 0.5435435435435435 0.67 0.6126126126126126
1 0.509 0.5435435435435435 0.67 0.6126126126126126
1 0.509 0.5435435435435435 0.67 0.6126126126126126
