1 0.594 0.8003095975232198 0.812 0.3993808049535604
1 0.594 0.8003095975232198 0.812 0.3993808049535604
1 0.594 0.8003095975232198 0.812 0.3993808049535604
1 0.594 0.8003095975232198 0.812 0.3993808049535604
1 0.594 0.8003095975232198 0.812 0.3993808049535604
1 0.594 0.8003095975232198 0.812 0.3993808049535604
1 0.594 0.8003095975232198 0.812 0.3993808049535604
1 0.594 0.8003095975232198 0.812 0.3993808049535604
1 0.594 0.8003095975232198 0.812 0.3993808049535604
1 0.594 0.8003095975232198 0.812 0.3993808049535604
1 0.594 0.8003095975232198 0.812 0.3993808049535604
1 0.594 0.8003095975232198 0.812 0.3993808049535604
