18 0.523 0.7387387387387387 0.93 0.5165165165165165
18 0.523 0.7387387387387387 0.93 0.5165165165165165
18 0.523 0.7387387387387387 0.93 0.5165165165165165
18 0.523 0.7387387387387387 0.93 0.5165165165165165
18 0.523 0.7387387387387387 0.93 0.5165165165165165
18 0.523 0.7387387387387387 0.93 0.5165165165165165
18 0.523 0.7387387387387387 0.93 0.5165165165165165
18 0.523 0.7387387387387387 0.93 0.5165165165165165
18 0.523 0.7387387387387387 0.93 0.5165165165165165
18 0.523 0.7387387387387387 0.93 0.5165165165165165
18 0.523 0.7387387387387387 0.93 0.5165165165165165
