0 0.311 0.37466666666666665 0.122 0.17866666666666667
0 0.311 0.37466666666666665 0.122 0.17866666666666667
0 0.311 0.37466666666666665 0.122 0.17866666666666667
0 0.311 0.37466666666666665 0.122 0.17866666666666667
0 0.311 0.37466666666666665 0.122 0.17866666666666667
0 0.311 0.37466666666666665 0.122 0.17866666666666667
0 0.311 0.37466666666666665 0.122 0.17866666666666667
0 0.311 0.37466666666666665 0.122 0.17866666666666667
0 0.311 0.37466666666666665 0.122 0.17866666666666667
0 0.311 0.37466666666666665 0.122 0.17866666666666667
