0 0.485 0.6173333333333333 0.65 0.7653333333333333
0 0.485 0.6173333333333333 0.65 0.7653333333333333
0 0.485 0.6173333333333333 0.65 0.7653333333333333
0 0.485 0.6173333333333333 0.65 0.7653333333333333
0 0.485 0.6173333333333333 0.65 0.7653333333333333
0 0.485 0.6173333333333333 0.65 0.7653333333333333
0 0.485 0.6173333333333333 0.65 0.7653333333333333
0 0.485 0.6173333333333333 0.65 0.7653333333333333
0 0.485 0.6173333333333333 0.65 0.7653333333333333
0 0.485 0.6173333333333333 0.65 0.7653333333333333
0 0.485 0.6173333333333333 0.65 0.7653333333333333
0 0.485 0.6173333333333333 0.65 0.7653333333333333
0 0.485 0.6173333333333333 0.65 0.7653333333333333
0 0.485 0.6173333333333333 0.65 0.7653333333333333
0 0.485 0.6173333333333333 0.65 0.7653333333333333
0 0.485 0.6173333333333333 0.65 0.7653333333333333
0 0.485 0.6173333333333333 0.65 0.7653333333333333
0 0.485 0.6173333333333333 0.65 0.7653333333333333
0 0.485 0.6173333333333333 0.65 0.7653333333333333
0 0.485 0.6173333333333333 0.65 0.7653333333333333
