15 0.221 0.6986666666666667 0.142 0.128
15 0.221 0.6986666666666667 0.142 0.128
15 0.221 0.6986666666666667 0.142 0.128
15 0.221 0.6986666666666667 0.142 0.128
15 0.221 0.6986666666666667 0.142 0.128
15 0.221 0.6986666666666667 0.142 0.128
15 0.221 0.6986666666666667 0.142 0.128
15 0.221 0.6986666666666667 0.142 0.128
15 0.221 0.6986666666666667 0.142 0.128
15 0.221 0.6986666666666667 0.142 0.128
15 0.221 0.6986666666666667 0.142 0.128
15 0.221 0.6986666666666667 0.142 0.128
15 0.221 0.6986666666666667 0.142 0.128
