1 0.442 0.6171171171171171 0.812 0.5735735735735735
1 0.442 0.6171171171171171 0.812 0.5735735735735735
1 0.442 0.6171171171171171 0.812 0.5735735735735735
1 0.442 0.6171171171171171 0.812 0.5735735735735735
1 0.442 0.6171171171171171 0.812 0.5735735735735735
1 0.442 0.6171171171171171 0.812 0.5735735735735735
1 0.442 0.6171171171171171 0.812 0.5735735735735735
1 0.442 0.6171171171171171 0.812 0.5735735735735735
1 0.442 0.6171171171171171 0.812 0.5735735735735735
1 0.442 0.6171171171171171 0.812 0.5735735735735735
1 0.442 0.6171171171171171 0.812 0.5735735735735735
1 0.442 0.6171171171171171 0.812 0.5735735735735735
