3 0.497 0.47333333333333333 0.042 0.21066666666666667
3 0.497 0.47333333333333333 0.042 0.21066666666666667
3 0.497 0.47333333333333333 0.042 0.21066666666666667
3 0.497 0.47333333333333333 0.042 0.21066666666666667
3 0.497 0.47333333333333333 0.042 0.21066666666666667
3 0.497 0.47333333333333333 0.042 0.21066666666666667
3 0.497 0.47333333333333333 0.042 0.21066666666666667
3 0.497 0.47333333333333333 0.042 0.21066666666666667
3 0.497 0.47333333333333333 0.042 0.21066666666666667
3 0.497 0.47333333333333333 0.042 0.21066666666666667
3 0.497 0.47333333333333333 0.042 0.21066666666666667
3 0.497 0.47333333333333333 0.042 0.21066666666666667
3 0.497 0.47333333333333333 0.042 0.21066666666666667
3 0.497 0.47333333333333333 0.042 0.21066666666666667
3 0.497 0.47333333333333333 0.042 0.21066666666666667
3 0.497 0.47333333333333333 0.042 0.21066666666666667
