19 0.864 0.5922459893048129 0.272 0.3235294117647059
19 0.864 0.5922459893048129 0.272 0.3235294117647059
19 0.864 0.5922459893048129 0.272 0.3235294117647059
19 0.864 0.5922459893048129 0.272 0.3235294117647059
19 0.864 0.5922459893048129 0.272 0.3235294117647059
19 0.864 0.5922459893048129 0.272 0.3235294117647059
19 0.864 0.5922459893048129 0.272 0.3235294117647059
19 0.864 0.5922459893048129 0.272 0.3235294117647059
19 0.864 0.5922459893048129 0.272 0.3235294117647059
19 0.864 0.5922459893048129 0.272 0.3235294117647059
19 0.864 0.5922459893048129 0.272 0.3235294117647059
