3 0.511 0.728 0.038 0.11733333333333333
3 0.511 0.728 0.038 0.11733333333333333
3 0.511 0.728 0.038 0.11733333333333333
3 0.511 0.728 0.038 0.11733333333333333
3 0.511 0.728 0.038 0.11733333333333333
3 0.511 0.728 0.038 0.11733333333333333
3 0.511 0.728 0.038 0.11733333333333333
3 0.511 0.728 0.038 0.11733333333333333
3 0.511 0.728 0.038 0.11733333333333333
3 0.511 0.728 0.038 0.11733333333333333
3 0.511 0.728 0.038 0.11733333333333333
3 0.511 0.728 0.038 0.11733333333333333
3 0.511 0.728 0.038 0.11733333333333333
3 0.511 0.728 0.038 0.11733333333333333
3 0.511 0.728 0.038 0.11733333333333333
3 0.511 0.728 0.038 0.11733333333333333
3 0.511 0.728 0.038 0.11733333333333333
