0 0.296 0.37915407854984895 0.104 0.2326283987915408
0 0.296 0.37915407854984895 0.104 0.2326283987915408
0 0.296 0.37915407854984895 0.104 0.2326283987915408
0 0.296 0.37915407854984895 0.104 0.2326283987915408
0 0.296 0.37915407854984895 0.104 0.2326283987915408
0 0.296 0.37915407854984895 0.104 0.2326283987915408
0 0.296 0.37915407854984895 0.104 0.2326283987915408
0 0.296 0.37915407854984895 0.104 0.2326283987915408
0 0.296 0.37915407854984895 0.104 0.2326283987915408
0 0.296 0.37915407854984895 0.104 0.2326283987915408
