8 0.622 0.6786666666666666 0.204 0.30133333333333334
8 0.622 0.6786666666666666 0.204 0.30133333333333334
8 0.622 0.6786666666666666 0.204 0.30133333333333334
8 0.622 0.6786666666666666 0.204 0.30133333333333334
8 0.622 0.6786666666666666 0.204 0.30133333333333334
8 0.622 0.6786666666666666 0.204 0.30133333333333334
8 0.622 0.6786666666666666 0.204 0.30133333333333334
8 0.622 0.6786666666666666 0.204 0.30133333333333334
8 0.622 0.6786666666666666 0.204 0.30133333333333334
8 0.622 0.6786666666666666 0.204 0.30133333333333334
8 0.622 0.6786666666666666 0.204 0.30133333333333334
8 0.622 0.6786666666666666 0.204 0.30133333333333334
8 0.622 0.6786666666666666 0.204 0.30133333333333334
8 0.622 0.6786666666666666 0.204 0.30133333333333334
8 0.622 0.6786666666666666 0.204 0.30133333333333334
8 0.622 0.6786666666666666 0.204 0.30133333333333334
8 0.622 0.6786666666666666 0.204 0.30133333333333334
