0 0.888 0.536096256684492 0.052 0.15240641711229946
0 0.888 0.536096256684492 0.052 0.15240641711229946
0 0.888 0.536096256684492 0.052 0.15240641711229946
0 0.888 0.536096256684492 0.052 0.15240641711229946
0 0.888 0.536096256684492 0.052 0.15240641711229946
0 0.888 0.536096256684492 0.052 0.15240641711229946
0 0.888 0.536096256684492 0.052 0.15240641711229946
0 0.888 0.536096256684492 0.052 0.15240641711229946
0 0.888 0.536096256684492 0.052 0.15240641711229946
0 0.888 0.536096256684492 0.052 0.15240641711229946
0 0.888 0.536096256684492 0.052 0.15240641711229946
0 0.888 0.536096256684492 0.052 0.15240641711229946
0 0.888 0.536096256684492 0.052 0.15240641711229946
0 0.888 0.536096256684492 0.052 0.15240641711229946
0 0.888 0.536096256684492 0.052 0.15240641711229946
0 0.888 0.536096256684492 0.052 0.15240641711229946
