19 0.599 0.8613333333333333 0.798 0.18133333333333335
19 0.599 0.8613333333333333 0.798 0.18133333333333335
19 0.599 0.8613333333333333 0.798 0.18133333333333335
19 0.599 0.8613333333333333 0.798 0.18133333333333335
19 0.599 0.8613333333333333 0.798 0.18133333333333335
19 0.599 0.8613333333333333 0.798 0.18133333333333335
19 0.599 0.8613333333333333 0.798 0.18133333333333335
19 0.599 0.8613333333333333 0.798 0.18133333333333335
19 0.599 0.8613333333333333 0.798 0.18133333333333335
19 0.599 0.8613333333333333 0.798 0.18133333333333335
19 0.599 0.8613333333333333 0.798 0.18133333333333335
