7 0.612 0.44666666666666666 0.692 0.5626666666666666
7 0.612 0.44666666666666666 0.692 0.5626666666666666
7 0.612 0.44666666666666666 0.692 0.5626666666666666
7 0.612 0.44666666666666666 0.692 0.5626666666666666
7 0.612 0.44666666666666666 0.692 0.5626666666666666
7 0.612 0.44666666666666666 0.692 0.5626666666666666
7 0.612 0.44666666666666666 0.692 0.5626666666666666
7 0.612 0.44666666666666666 0.692 0.5626666666666666
7 0.612 0.44666666666666666 0.692 0.5626666666666666
7 0.612 0.44666666666666666 0.692 0.5626666666666666
