8 0.914 0.7140718562874252 0.172 0.2964071856287425
8 0.914 0.7140718562874252 0.172 0.2964071856287425
8 0.914 0.7140718562874252 0.172 0.2964071856287425
8 0.914 0.7140718562874252 0.172 0.2964071856287425
8 0.914 0.7140718562874252 0.172 0.2964071856287425
8 0.914 0.7140718562874252 0.172 0.2964071856287425
8 0.914 0.7140718562874252 0.172 0.2964071856287425
8 0.914 0.7140718562874252 0.172 0.2964071856287425
8 0.914 0.7140718562874252 0.172 0.2964071856287425
8 0.914 0.7140718562874252 0.172 0.2964071856287425
8 0.914 0.7140718562874252 0.172 0.2964071856287425
8 0.914 0.7140718562874252 0.172 0.2964071856287425
8 0.914 0.7140718562874252 0.172 0.2964071856287425
8 0.914 0.7140718562874252 0.172 0.2964071856287425
8 0.914 0.7140718562874252 0.172 0.2964071856287425
8 0.914 0.7140718562874252 0.172 0.2964071856287425
8 0.914 0.7140718562874252 0.172 0.2964071856287425
