15 0.68 0.7440119760479041 0.14 0.4880239520958084
15 0.68 0.7440119760479041 0.14 0.4880239520958084
15 0.68 0.7440119760479041 0.14 0.4880239520958084
15 0.68 0.7440119760479041 0.14 0.4880239520958084
15 0.68 0.7440119760479041 0.14 0.4880239520958084
15 0.68 0.7440119760479041 0.14 0.4880239520958084
15 0.68 0.7440119760479041 0.14 0.4880239520958084
15 0.68 0.7440119760479041 0.14 0.4880239520958084
15 0.68 0.7440119760479041 0.14 0.4880239520958084
15 0.68 0.7440119760479041 0.14 0.4880239520958084
15 0.68 0.7440119760479041 0.14 0.4880239520958084
