18 0.494 0.7373333333333333 0.984 0.5253333333333333
18 0.494 0.7373333333333333 0.984 0.5253333333333333
18 0.494 0.7373333333333333 0.984 0.5253333333333333
18 0.494 0.7373333333333333 0.984 0.5253333333333333
18 0.494 0.7373333333333333 0.984 0.5253333333333333
18 0.494 0.7373333333333333 0.984 0.5253333333333333
18 0.494 0.7373333333333333 0.984 0.5253333333333333
18 0.494 0.7373333333333333 0.984 0.5253333333333333
18 0.494 0.7373333333333333 0.984 0.5253333333333333
18 0.494 0.7373333333333333 0.984 0.5253333333333333
18 0.494 0.7373333333333333 0.984 0.5253333333333333
18 0.494 0.7373333333333333 0.984 0.5253333333333333
18 0.494 0.7373333333333333 0.984 0.5253333333333333
18 0.494 0.7373333333333333 0.984 0.5253333333333333
18 0.494 0.7373333333333333 0.984 0.5253333333333333
18 0.494 0.7373333333333333 0.984 0.5253333333333333
18 0.494 0.7373333333333333 0.984 0.5253333333333333
18 0.494 0.7373333333333333 0.984 0.5253333333333333
18 0.494 0.7373333333333333 0.984 0.5253333333333333
18 0.494 0.7373333333333333 0.984 0.5253333333333333
18 0.494 0.7373333333333333 0.984 0.5253333333333333
18 0.494 0.7373333333333333 0.984 0.5253333333333333
