11 0.806 0.44410876132930516 0.24 0.2054380664652568
11 0.806 0.44410876132930516 0.24 0.2054380664652568
11 0.806 0.44410876132930516 0.24 0.2054380664652568
11 0.806 0.44410876132930516 0.24 0.2054380664652568
11 0.806 0.44410876132930516 0.24 0.2054380664652568
11 0.806 0.44410876132930516 0.24 0.2054380664652568
11 0.806 0.44410876132930516 0.24 0.2054380664652568
11 0.806 0.44410876132930516 0.24 0.2054380664652568
11 0.806 0.44410876132930516 0.24 0.2054380664652568
11 0.806 0.44410876132930516 0.24 0.2054380664652568
11 0.806 0.44410876132930516 0.24 0.2054380664652568
11 0.806 0.44410876132930516 0.24 0.2054380664652568
11 0.806 0.44410876132930516 0.24 0.2054380664652568
11 0.806 0.44410876132930516 0.24 0.2054380664652568
11 0.806 0.44410876132930516 0.24 0.2054380664652568
