9 0.486 0.7312312312312312 0.488 0.5315315315315315
9 0.486 0.7312312312312312 0.488 0.5315315315315315
9 0.486 0.7312312312312312 0.488 0.5315315315315315
9 0.486 0.7312312312312312 0.488 0.5315315315315315
9 0.486 0.7312312312312312 0.488 0.5315315315315315
9 0.486 0.7312312312312312 0.488 0.5315315315315315
9 0.486 0.7312312312312312 0.488 0.5315315315315315
9 0.486 0.7312312312312312 0.488 0.5315315315315315
9 0.486 0.7312312312312312 0.488 0.5315315315315315
9 0.486 0.7312312312312312 0.488 0.5315315315315315
9 0.486 0.7312312312312312 0.488 0.5315315315315315
9 0.486 0.7312312312312312 0.488 0.5315315315315315
