5 0.262 0.8453237410071942 0.156 0.09352517985611511
5 0.262 0.8453237410071942 0.156 0.09352517985611511
5 0.262 0.8453237410071942 0.156 0.09352517985611511
5 0.262 0.8453237410071942 0.156 0.09352517985611511
5 0.262 0.8453237410071942 0.156 0.09352517985611511
5 0.262 0.8453237410071942 0.156 0.09352517985611511
5 0.262 0.8453237410071942 0.156 0.09352517985611511
5 0.262 0.8453237410071942 0.156 0.09352517985611511
5 0.262 0.8453237410071942 0.156 0.09352517985611511
5 0.262 0.8453237410071942 0.156 0.09352517985611511
5 0.262 0.8453237410071942 0.156 0.09352517985611511
5 0.262 0.8453237410071942 0.156 0.09352517985611511
