3 0.611 0.08133333333333333 0.07 0.14666666666666667
3 0.611 0.08133333333333333 0.07 0.14666666666666667
3 0.611 0.08133333333333333 0.07 0.14666666666666667
3 0.611 0.08133333333333333 0.07 0.14666666666666667
3 0.611 0.08133333333333333 0.07 0.14666666666666667
3 0.611 0.08133333333333333 0.07 0.14666666666666667
3 0.611 0.08133333333333333 0.07 0.14666666666666667
3 0.611 0.08133333333333333 0.07 0.14666666666666667
3 0.611 0.08133333333333333 0.07 0.14666666666666667
3 0.611 0.08133333333333333 0.07 0.14666666666666667
