1 0.088 0.9002320185614849 0.064 0.07424593967517401
1 0.088 0.9002320185614849 0.064 0.07424593967517401
1 0.088 0.9002320185614849 0.064 0.07424593967517401
1 0.088 0.9002320185614849 0.064 0.07424593967517401
1 0.088 0.9002320185614849 0.064 0.07424593967517401
1 0.088 0.9002320185614849 0.064 0.07424593967517401
1 0.088 0.9002320185614849 0.064 0.07424593967517401
1 0.088 0.9002320185614849 0.064 0.07424593967517401
1 0.088 0.9002320185614849 0.064 0.07424593967517401
1 0.088 0.9002320185614849 0.064 0.07424593967517401
1 0.088 0.9002320185614849 0.064 0.07424593967517401
1 0.088 0.9002320185614849 0.064 0.07424593967517401
