6 0.52 0.5966767371601208 0.292 0.6555891238670695
6 0.52 0.5966767371601208 0.292 0.6555891238670695
6 0.52 0.5966767371601208 0.292 0.6555891238670695
6 0.52 0.5966767371601208 0.292 0.6555891238670695
6 0.52 0.5966767371601208 0.292 0.6555891238670695
6 0.52 0.5966767371601208 0.292 0.6555891238670695
6 0.52 0.5966767371601208 0.292 0.6555891238670695
6 0.52 0.5966767371601208 0.292 0.6555891238670695
6 0.52 0.5966767371601208 0.292 0.6555891238670695
6 0.52 0.5966767371601208 0.292 0.6555891238670695
6 0.52 0.5966767371601208 0.292 0.6555891238670695
