18 0.979 0.7687687687687688 0.042 0.3663663663663664
18 0.979 0.7687687687687688 0.042 0.3663663663663664
18 0.979 0.7687687687687688 0.042 0.3663663663663664
18 0.979 0.7687687687687688 0.042 0.3663663663663664
18 0.979 0.7687687687687688 0.042 0.3663663663663664
18 0.979 0.7687687687687688 0.042 0.3663663663663664
18 0.979 0.7687687687687688 0.042 0.3663663663663664
18 0.979 0.7687687687687688 0.042 0.3663663663663664
18 0.979 0.7687687687687688 0.042 0.3663663663663664
18 0.979 0.7687687687687688 0.042 0.3663663663663664
18 0.979 0.7687687687687688 0.042 0.3663663663663664
18 0.979 0.7687687687687688 0.042 0.3663663663663664
18 0.979 0.7687687687687688 0.042 0.3663663663663664
18 0.979 0.7687687687687688 0.042 0.3663663663663664
18 0.979 0.7687687687687688 0.042 0.3663663663663664
18 0.979 0.7687687687687688 0.042 0.3663663663663664
18 0.979 0.7687687687687688 0.042 0.3663663663663664
18 0.979 0.7687687687687688 0.042 0.3663663663663664
