0 0.649 0.15333333333333332 0.154 0.30133333333333334
0 0.649 0.15333333333333332 0.154 0.30133333333333334
0 0.649 0.15333333333333332 0.154 0.30133333333333334
0 0.649 0.15333333333333332 0.154 0.30133333333333334
0 0.649 0.15333333333333332 0.154 0.30133333333333334
0 0.649 0.15333333333333332 0.154 0.30133333333333334
0 0.649 0.15333333333333332 0.154 0.30133333333333334
0 0.649 0.15333333333333332 0.154 0.30133333333333334
0 0.649 0.15333333333333332 0.154 0.30133333333333334
0 0.649 0.15333333333333332 0.154 0.30133333333333334
0 0.649 0.15333333333333332 0.154 0.30133333333333334
0 0.649 0.15333333333333332 0.154 0.30133333333333334
0 0.649 0.15333333333333332 0.154 0.30133333333333334
0 0.649 0.15333333333333332 0.154 0.30133333333333334
0 0.649 0.15333333333333332 0.154 0.30133333333333334
0 0.649 0.15333333333333332 0.154 0.30133333333333334
0 0.649 0.15333333333333332 0.154 0.30133333333333334
0 0.649 0.15333333333333332 0.154 0.30133333333333334
0 0.649 0.15333333333333332 0.154 0.30133333333333334
