7 0.508 0.48338368580060426 0.588 0.5317220543806647
7 0.508 0.48338368580060426 0.588 0.5317220543806647
7 0.508 0.48338368580060426 0.588 0.5317220543806647
7 0.508 0.48338368580060426 0.588 0.5317220543806647
7 0.508 0.48338368580060426 0.588 0.5317220543806647
7 0.508 0.48338368580060426 0.588 0.5317220543806647
7 0.508 0.48338368580060426 0.588 0.5317220543806647
7 0.508 0.48338368580060426 0.588 0.5317220543806647
7 0.508 0.48338368580060426 0.588 0.5317220543806647
7 0.508 0.48338368580060426 0.588 0.5317220543806647
7 0.508 0.48338368580060426 0.588 0.5317220543806647
7 0.508 0.48338368580060426 0.588 0.5317220543806647
7 0.508 0.48338368580060426 0.588 0.5317220543806647
7 0.508 0.48338368580060426 0.588 0.5317220543806647
7 0.508 0.48338368580060426 0.588 0.5317220543806647
7 0.508 0.48338368580060426 0.588 0.5317220543806647
