1 0.545 0.5225225225225225 0.486 0.33633633633633636
1 0.545 0.5225225225225225 0.486 0.33633633633633636
1 0.545 0.5225225225225225 0.486 0.33633633633633636
1 0.545 0.5225225225225225 0.486 0.33633633633633636
1 0.545 0.5225225225225225 0.486 0.33633633633633636
1 0.545 0.5225225225225225 0.486 0.33633633633633636
1 0.545 0.5225225225225225 0.486 0.33633633633633636
1 0.545 0.5225225225225225 0.486 0.33633633633633636
1 0.545 0.5225225225225225 0.486 0.33633633633633636
1 0.545 0.5225225225225225 0.486 0.33633633633633636
1 0.545 0.5225225225225225 0.486 0.33633633633633636
1 0.545 0.5225225225225225 0.486 0.33633633633633636
