11 0.482 0.5281124497991968 0.88 0.9036144578313253
11 0.482 0.5281124497991968 0.88 0.9036144578313253
11 0.482 0.5281124497991968 0.88 0.9036144578313253
11 0.482 0.5281124497991968 0.88 0.9036144578313253
11 0.482 0.5281124497991968 0.88 0.9036144578313253
11 0.482 0.5281124497991968 0.88 0.9036144578313253
11 0.482 0.5281124497991968 0.88 0.9036144578313253
11 0.482 0.5281124497991968 0.88 0.9036144578313253
11 0.482 0.5281124497991968 0.88 0.9036144578313253
11 0.482 0.5281124497991968 0.88 0.9036144578313253
11 0.482 0.5281124497991968 0.88 0.9036144578313253
11 0.482 0.5281124497991968 0.88 0.9036144578313253
11 0.482 0.5281124497991968 0.88 0.9036144578313253
11 0.482 0.5281124497991968 0.88 0.9036144578313253
