1 0.147 0.7777777777777778 0.29 0.4264264264264264
1 0.147 0.7777777777777778 0.29 0.4264264264264264
1 0.147 0.7777777777777778 0.29 0.4264264264264264
1 0.147 0.7777777777777778 0.29 0.4264264264264264
1 0.147 0.7777777777777778 0.29 0.4264264264264264
1 0.147 0.7777777777777778 0.29 0.4264264264264264
1 0.147 0.7777777777777778 0.29 0.4264264264264264
1 0.147 0.7777777777777778 0.29 0.4264264264264264
1 0.147 0.7777777777777778 0.29 0.4264264264264264
1 0.147 0.7777777777777778 0.29 0.4264264264264264
1 0.147 0.7777777777777778 0.29 0.4264264264264264
1 0.147 0.7777777777777778 0.29 0.4264264264264264
