0 0.142 0.40726817042606517 0.096 0.22807017543859648
0 0.142 0.40726817042606517 0.096 0.22807017543859648
0 0.142 0.40726817042606517 0.096 0.22807017543859648
0 0.142 0.40726817042606517 0.096 0.22807017543859648
0 0.142 0.40726817042606517 0.096 0.22807017543859648
0 0.142 0.40726817042606517 0.096 0.22807017543859648
0 0.142 0.40726817042606517 0.096 0.22807017543859648
0 0.142 0.40726817042606517 0.096 0.22807017543859648
0 0.142 0.40726817042606517 0.096 0.22807017543859648
0 0.142 0.40726817042606517 0.096 0.22807017543859648
0 0.142 0.40726817042606517 0.096 0.22807017543859648
0 0.142 0.40726817042606517 0.096 0.22807017543859648
0 0.142 0.40726817042606517 0.096 0.22807017543859648
0 0.142 0.40726817042606517 0.096 0.22807017543859648
0 0.142 0.40726817042606517 0.096 0.22807017543859648
