7 0.575 0.6693333333333333 0.85 0.6026666666666667
7 0.575 0.6693333333333333 0.85 0.6026666666666667
7 0.575 0.6693333333333333 0.85 0.6026666666666667
7 0.575 0.6693333333333333 0.85 0.6026666666666667
7 0.575 0.6693333333333333 0.85 0.6026666666666667
7 0.575 0.6693333333333333 0.85 0.6026666666666667
7 0.575 0.6693333333333333 0.85 0.6026666666666667
7 0.575 0.6693333333333333 0.85 0.6026666666666667
7 0.575 0.6693333333333333 0.85 0.6026666666666667
7 0.575 0.6693333333333333 0.85 0.6026666666666667
7 0.575 0.6693333333333333 0.85 0.6026666666666667
7 0.575 0.6693333333333333 0.85 0.6026666666666667
7 0.575 0.6693333333333333 0.85 0.6026666666666667
