11 0.089 0.7133333333333334 0.07 0.17333333333333334
11 0.089 0.7133333333333334 0.07 0.17333333333333334
11 0.089 0.7133333333333334 0.07 0.17333333333333334
11 0.089 0.7133333333333334 0.07 0.17333333333333334
11 0.089 0.7133333333333334 0.07 0.17333333333333334
11 0.089 0.7133333333333334 0.07 0.17333333333333334
11 0.089 0.7133333333333334 0.07 0.17333333333333334
11 0.089 0.7133333333333334 0.07 0.17333333333333334
11 0.089 0.7133333333333334 0.07 0.17333333333333334
11 0.089 0.7133333333333334 0.07 0.17333333333333334
11 0.089 0.7133333333333334 0.07 0.17333333333333334
11 0.089 0.7133333333333334 0.07 0.17333333333333334
