1 0.494 0.5293333333333333 0.9 0.68
1 0.494 0.5293333333333333 0.9 0.68
1 0.494 0.5293333333333333 0.9 0.68
1 0.494 0.5293333333333333 0.9 0.68
1 0.494 0.5293333333333333 0.9 0.68
1 0.494 0.5293333333333333 0.9 0.68
1 0.494 0.5293333333333333 0.9 0.68
1 0.494 0.5293333333333333 0.9 0.68
1 0.494 0.5293333333333333 0.9 0.68
1 0.494 0.5293333333333333 0.9 0.68
1 0.494 0.5293333333333333 0.9 0.68
1 0.494 0.5293333333333333 0.9 0.68
1 0.494 0.5293333333333333 0.9 0.68
1 0.494 0.5293333333333333 0.9 0.68
1 0.494 0.5293333333333333 0.9 0.68
1 0.494 0.5293333333333333 0.9 0.68
1 0.494 0.5293333333333333 0.9 0.68
1 0.494 0.5293333333333333 0.9 0.68
1 0.494 0.5293333333333333 0.9 0.68
1 0.494 0.5293333333333333 0.9 0.68
1 0.494 0.5293333333333333 0.9 0.68
1 0.494 0.5293333333333333 0.9 0.68
1 0.494 0.5293333333333333 0.9 0.68
