4 0.7933333333333333 0.683 0.09333333333333334 0.262
4 0.7933333333333333 0.683 0.09333333333333334 0.262
4 0.7933333333333333 0.683 0.09333333333333334 0.262
4 0.7933333333333333 0.683 0.09333333333333334 0.262
4 0.7933333333333333 0.683 0.09333333333333334 0.262
4 0.7933333333333333 0.683 0.09333333333333334 0.262
4 0.7933333333333333 0.683 0.09333333333333334 0.262
4 0.7933333333333333 0.683 0.09333333333333334 0.262
4 0.7933333333333333 0.683 0.09333333333333334 0.262
4 0.7933333333333333 0.683 0.09333333333333334 0.262
4 0.7933333333333333 0.683 0.09333333333333334 0.262
4 0.7933333333333333 0.683 0.09333333333333334 0.262
4 0.7933333333333333 0.683 0.09333333333333334 0.262
4 0.7933333333333333 0.683 0.09333333333333334 0.262
