19 0.403 0.4013333333333333 0.798 0.6906666666666667
19 0.403 0.4013333333333333 0.798 0.6906666666666667
19 0.403 0.4013333333333333 0.798 0.6906666666666667
19 0.403 0.4013333333333333 0.798 0.6906666666666667
19 0.403 0.4013333333333333 0.798 0.6906666666666667
19 0.403 0.4013333333333333 0.798 0.6906666666666667
19 0.403 0.4013333333333333 0.798 0.6906666666666667
19 0.403 0.4013333333333333 0.798 0.6906666666666667
19 0.403 0.4013333333333333 0.798 0.6906666666666667
19 0.403 0.4013333333333333 0.798 0.6906666666666667
19 0.403 0.4013333333333333 0.798 0.6906666666666667
19 0.403 0.4013333333333333 0.798 0.6906666666666667
19 0.403 0.4013333333333333 0.798 0.6906666666666667
19 0.403 0.4013333333333333 0.798 0.6906666666666667
19 0.403 0.4013333333333333 0.798 0.6906666666666667
19 0.403 0.4013333333333333 0.798 0.6906666666666667
