0 0.19 0.30933333333333335 0.252 0.2826666666666667
0 0.19 0.30933333333333335 0.252 0.2826666666666667
0 0.19 0.30933333333333335 0.252 0.2826666666666667
0 0.19 0.30933333333333335 0.252 0.2826666666666667
0 0.19 0.30933333333333335 0.252 0.2826666666666667
0 0.19 0.30933333333333335 0.252 0.2826666666666667
0 0.19 0.30933333333333335 0.252 0.2826666666666667
0 0.19 0.30933333333333335 0.252 0.2826666666666667
0 0.19 0.30933333333333335 0.252 0.2826666666666667
0 0.19 0.30933333333333335 0.252 0.2826666666666667
