1 0.519 0.38133333333333336 0.962 0.5706666666666667
1 0.519 0.38133333333333336 0.962 0.5706666666666667
1 0.519 0.38133333333333336 0.962 0.5706666666666667
1 0.519 0.38133333333333336 0.962 0.5706666666666667
1 0.519 0.38133333333333336 0.962 0.5706666666666667
1 0.519 0.38133333333333336 0.962 0.5706666666666667
1 0.519 0.38133333333333336 0.962 0.5706666666666667
1 0.519 0.38133333333333336 0.962 0.5706666666666667
1 0.519 0.38133333333333336 0.962 0.5706666666666667
1 0.519 0.38133333333333336 0.962 0.5706666666666667
1 0.519 0.38133333333333336 0.962 0.5706666666666667
1 0.519 0.38133333333333336 0.962 0.5706666666666667
1 0.519 0.38133333333333336 0.962 0.5706666666666667
1 0.519 0.38133333333333336 0.962 0.5706666666666667
1 0.519 0.38133333333333336 0.962 0.5706666666666667
