2 0.791 0.8306666666666667 0.25 0.33866666666666667
2 0.791 0.8306666666666667 0.25 0.33866666666666667
2 0.791 0.8306666666666667 0.25 0.33866666666666667
2 0.791 0.8306666666666667 0.25 0.33866666666666667
2 0.791 0.8306666666666667 0.25 0.33866666666666667
2 0.791 0.8306666666666667 0.25 0.33866666666666667
2 0.791 0.8306666666666667 0.25 0.33866666666666667
2 0.791 0.8306666666666667 0.25 0.33866666666666667
2 0.791 0.8306666666666667 0.25 0.33866666666666667
2 0.791 0.8306666666666667 0.25 0.33866666666666667
2 0.791 0.8306666666666667 0.25 0.33866666666666667
2 0.791 0.8306666666666667 0.25 0.33866666666666667
2 0.791 0.8306666666666667 0.25 0.33866666666666667
2 0.791 0.8306666666666667 0.25 0.33866666666666667
2 0.791 0.8306666666666667 0.25 0.33866666666666667
2 0.791 0.8306666666666667 0.25 0.33866666666666667
2 0.791 0.8306666666666667 0.25 0.33866666666666667
