1 0.572 0.5226666666666666 0.472 0.23466666666666666
1 0.572 0.5226666666666666 0.472 0.23466666666666666
1 0.572 0.5226666666666666 0.472 0.23466666666666666
1 0.572 0.5226666666666666 0.472 0.23466666666666666
1 0.572 0.5226666666666666 0.472 0.23466666666666666
1 0.572 0.5226666666666666 0.472 0.23466666666666666
1 0.572 0.5226666666666666 0.472 0.23466666666666666
1 0.572 0.5226666666666666 0.472 0.23466666666666666
1 0.572 0.5226666666666666 0.472 0.23466666666666666
1 0.572 0.5226666666666666 0.472 0.23466666666666666
1 0.572 0.5226666666666666 0.472 0.23466666666666666
1 0.572 0.5226666666666666 0.472 0.23466666666666666
1 0.572 0.5226666666666666 0.472 0.23466666666666666
