13 0.364 0.48955223880597015 0.124 0.17313432835820897
13 0.364 0.48955223880597015 0.124 0.17313432835820897
13 0.364 0.48955223880597015 0.124 0.17313432835820897
13 0.364 0.48955223880597015 0.124 0.17313432835820897
13 0.364 0.48955223880597015 0.124 0.17313432835820897
13 0.364 0.48955223880597015 0.124 0.17313432835820897
13 0.364 0.48955223880597015 0.124 0.17313432835820897
13 0.364 0.48955223880597015 0.124 0.17313432835820897
13 0.364 0.48955223880597015 0.124 0.17313432835820897
13 0.364 0.48955223880597015 0.124 0.17313432835820897
