19 0.221 0.5066666666666667 0.43 0.9866666666666667
19 0.221 0.5066666666666667 0.43 0.9866666666666667
19 0.221 0.5066666666666667 0.43 0.9866666666666667
19 0.221 0.5066666666666667 0.43 0.9866666666666667
19 0.221 0.5066666666666667 0.43 0.9866666666666667
19 0.221 0.5066666666666667 0.43 0.9866666666666667
19 0.221 0.5066666666666667 0.43 0.9866666666666667
19 0.221 0.5066666666666667 0.43 0.9866666666666667
19 0.221 0.5066666666666667 0.43 0.9866666666666667
19 0.221 0.5066666666666667 0.43 0.9866666666666667
19 0.221 0.5066666666666667 0.43 0.9866666666666667
19 0.221 0.5066666666666667 0.43 0.9866666666666667
19 0.221 0.5066666666666667 0.43 0.9866666666666667
19 0.221 0.5066666666666667 0.43 0.9866666666666667
