8 0.293 0.4369369369369369 0.126 0.3813813813813814
8 0.293 0.4369369369369369 0.126 0.3813813813813814
8 0.293 0.4369369369369369 0.126 0.3813813813813814
8 0.293 0.4369369369369369 0.126 0.3813813813813814
8 0.293 0.4369369369369369 0.126 0.3813813813813814
8 0.293 0.4369369369369369 0.126 0.3813813813813814
8 0.293 0.4369369369369369 0.126 0.3813813813813814
8 0.293 0.4369369369369369 0.126 0.3813813813813814
8 0.293 0.4369369369369369 0.126 0.3813813813813814
8 0.293 0.4369369369369369 0.126 0.3813813813813814
8 0.293 0.4369369369369369 0.126 0.3813813813813814
8 0.293 0.4369369369369369 0.126 0.3813813813813814
8 0.293 0.4369369369369369 0.126 0.3813813813813814
8 0.293 0.4369369369369369 0.126 0.3813813813813814
8 0.293 0.4369369369369369 0.126 0.3813813813813814
