15 0.675 0.5392749244712991 0.222 0.3776435045317221
15 0.675 0.5392749244712991 0.222 0.3776435045317221
15 0.675 0.5392749244712991 0.222 0.3776435045317221
15 0.675 0.5392749244712991 0.222 0.3776435045317221
15 0.675 0.5392749244712991 0.222 0.3776435045317221
15 0.675 0.5392749244712991 0.222 0.3776435045317221
15 0.675 0.5392749244712991 0.222 0.3776435045317221
15 0.675 0.5392749244712991 0.222 0.3776435045317221
15 0.675 0.5392749244712991 0.222 0.3776435045317221
15 0.675 0.5392749244712991 0.222 0.3776435045317221
15 0.675 0.5392749244712991 0.222 0.3776435045317221
15 0.675 0.5392749244712991 0.222 0.3776435045317221
