11 0.893 0.7113095238095238 0.126 0.23809523809523808
11 0.893 0.7113095238095238 0.126 0.23809523809523808
11 0.893 0.7113095238095238 0.126 0.23809523809523808
11 0.893 0.7113095238095238 0.126 0.23809523809523808
11 0.893 0.7113095238095238 0.126 0.23809523809523808
11 0.893 0.7113095238095238 0.126 0.23809523809523808
11 0.893 0.7113095238095238 0.126 0.23809523809523808
11 0.893 0.7113095238095238 0.126 0.23809523809523808
11 0.893 0.7113095238095238 0.126 0.23809523809523808
11 0.893 0.7113095238095238 0.126 0.23809523809523808
11 0.893 0.7113095238095238 0.126 0.23809523809523808
11 0.893 0.7113095238095238 0.126 0.23809523809523808
11 0.893 0.7113095238095238 0.126 0.23809523809523808
