0 0.047 0.48133333333333334 0.09 0.392
0 0.047 0.48133333333333334 0.09 0.392
0 0.047 0.48133333333333334 0.09 0.392
0 0.047 0.48133333333333334 0.09 0.392
0 0.047 0.48133333333333334 0.09 0.392
0 0.047 0.48133333333333334 0.09 0.392
0 0.047 0.48133333333333334 0.09 0.392
0 0.047 0.48133333333333334 0.09 0.392
0 0.047 0.48133333333333334 0.09 0.392
0 0.047 0.48133333333333334 0.09 0.392
0 0.047 0.48133333333333334 0.09 0.392
0 0.047 0.48133333333333334 0.09 0.392
0 0.047 0.48133333333333334 0.09 0.392
0 0.047 0.48133333333333334 0.09 0.392
0 0.047 0.48133333333333334 0.09 0.392
