14 0.508 0.6306306306306306 0.12 0.2882882882882883
14 0.508 0.6306306306306306 0.12 0.2882882882882883
14 0.508 0.6306306306306306 0.12 0.2882882882882883
14 0.508 0.6306306306306306 0.12 0.2882882882882883
14 0.508 0.6306306306306306 0.12 0.2882882882882883
14 0.508 0.6306306306306306 0.12 0.2882882882882883
14 0.508 0.6306306306306306 0.12 0.2882882882882883
14 0.508 0.6306306306306306 0.12 0.2882882882882883
14 0.508 0.6306306306306306 0.12 0.2882882882882883
14 0.508 0.6306306306306306 0.12 0.2882882882882883
14 0.508 0.6306306306306306 0.12 0.2882882882882883
14 0.508 0.6306306306306306 0.12 0.2882882882882883
14 0.508 0.6306306306306306 0.12 0.2882882882882883
