0 0.589 0.6066666666666667 0.586 0.7866666666666666
0 0.589 0.6066666666666667 0.586 0.7866666666666666
0 0.589 0.6066666666666667 0.586 0.7866666666666666
0 0.589 0.6066666666666667 0.586 0.7866666666666666
0 0.589 0.6066666666666667 0.586 0.7866666666666666
0 0.589 0.6066666666666667 0.586 0.7866666666666666
0 0.589 0.6066666666666667 0.586 0.7866666666666666
0 0.589 0.6066666666666667 0.586 0.7866666666666666
0 0.589 0.6066666666666667 0.586 0.7866666666666666
0 0.589 0.6066666666666667 0.586 0.7866666666666666
0 0.589 0.6066666666666667 0.586 0.7866666666666666
0 0.589 0.6066666666666667 0.586 0.7866666666666666
0 0.589 0.6066666666666667 0.586 0.7866666666666666
0 0.589 0.6066666666666667 0.586 0.7866666666666666
0 0.589 0.6066666666666667 0.586 0.7866666666666666
