2 0.302 0.74 0.236 0.33866666666666667
2 0.302 0.74 0.236 0.33866666666666667
2 0.302 0.74 0.236 0.33866666666666667
2 0.302 0.74 0.236 0.33866666666666667
2 0.302 0.74 0.236 0.33866666666666667
2 0.302 0.74 0.236 0.33866666666666667
2 0.302 0.74 0.236 0.33866666666666667
2 0.302 0.74 0.236 0.33866666666666667
2 0.302 0.74 0.236 0.33866666666666667
2 0.302 0.74 0.236 0.33866666666666667
2 0.302 0.74 0.236 0.33866666666666667
2 0.302 0.74 0.236 0.33866666666666667
2 0.302 0.74 0.236 0.33866666666666667
