5 0.754 0.9213333333333333 0.12 0.14133333333333334
5 0.754 0.9213333333333333 0.12 0.14133333333333334
5 0.754 0.9213333333333333 0.12 0.14133333333333334
5 0.754 0.9213333333333333 0.12 0.14133333333333334
5 0.754 0.9213333333333333 0.12 0.14133333333333334
5 0.754 0.9213333333333333 0.12 0.14133333333333334
5 0.754 0.9213333333333333 0.12 0.14133333333333334
5 0.754 0.9213333333333333 0.12 0.14133333333333334
5 0.754 0.9213333333333333 0.12 0.14133333333333334
5 0.754 0.9213333333333333 0.12 0.14133333333333334
5 0.754 0.9213333333333333 0.12 0.14133333333333334
5 0.754 0.9213333333333333 0.12 0.14133333333333334
5 0.754 0.9213333333333333 0.12 0.14133333333333334
5 0.754 0.9213333333333333 0.12 0.14133333333333334
5 0.754 0.9213333333333333 0.12 0.14133333333333334
