18 0.375 0.7293333333333333 0.658 0.5413333333333333
18 0.375 0.7293333333333333 0.658 0.5413333333333333
18 0.375 0.7293333333333333 0.658 0.5413333333333333
18 0.375 0.7293333333333333 0.658 0.5413333333333333
18 0.375 0.7293333333333333 0.658 0.5413333333333333
18 0.375 0.7293333333333333 0.658 0.5413333333333333
18 0.375 0.7293333333333333 0.658 0.5413333333333333
18 0.375 0.7293333333333333 0.658 0.5413333333333333
18 0.375 0.7293333333333333 0.658 0.5413333333333333
18 0.375 0.7293333333333333 0.658 0.5413333333333333
18 0.375 0.7293333333333333 0.658 0.5413333333333333
