1 0.595 0.7213333333333334 0.526 0.25866666666666666
1 0.595 0.7213333333333334 0.526 0.25866666666666666
1 0.595 0.7213333333333334 0.526 0.25866666666666666
1 0.595 0.7213333333333334 0.526 0.25866666666666666
1 0.595 0.7213333333333334 0.526 0.25866666666666666
1 0.595 0.7213333333333334 0.526 0.25866666666666666
1 0.595 0.7213333333333334 0.526 0.25866666666666666
1 0.595 0.7213333333333334 0.526 0.25866666666666666
1 0.595 0.7213333333333334 0.526 0.25866666666666666
1 0.595 0.7213333333333334 0.526 0.25866666666666666
1 0.595 0.7213333333333334 0.526 0.25866666666666666
1 0.595 0.7213333333333334 0.526 0.25866666666666666
1 0.595 0.7213333333333334 0.526 0.25866666666666666
1 0.595 0.7213333333333334 0.526 0.25866666666666666
1 0.595 0.7213333333333334 0.526 0.25866666666666666
1 0.595 0.7213333333333334 0.526 0.25866666666666666
