2 0.571 0.9093333333333333 0.302 0.18133333333333335
2 0.571 0.9093333333333333 0.302 0.18133333333333335
2 0.571 0.9093333333333333 0.302 0.18133333333333335
2 0.571 0.9093333333333333 0.302 0.18133333333333335
2 0.571 0.9093333333333333 0.302 0.18133333333333335
2 0.571 0.9093333333333333 0.302 0.18133333333333335
2 0.571 0.9093333333333333 0.302 0.18133333333333335
2 0.571 0.9093333333333333 0.302 0.18133333333333335
2 0.571 0.9093333333333333 0.302 0.18133333333333335
2 0.571 0.9093333333333333 0.302 0.18133333333333335
2 0.571 0.9093333333333333 0.302 0.18133333333333335
2 0.571 0.9093333333333333 0.302 0.18133333333333335
