1 0.473 0.37237237237237236 0.55 0.5645645645645646
1 0.473 0.37237237237237236 0.55 0.5645645645645646
1 0.473 0.37237237237237236 0.55 0.5645645645645646
1 0.473 0.37237237237237236 0.55 0.5645645645645646
1 0.473 0.37237237237237236 0.55 0.5645645645645646
1 0.473 0.37237237237237236 0.55 0.5645645645645646
1 0.473 0.37237237237237236 0.55 0.5645645645645646
1 0.473 0.37237237237237236 0.55 0.5645645645645646
1 0.473 0.37237237237237236 0.55 0.5645645645645646
1 0.473 0.37237237237237236 0.55 0.5645645645645646
