11 0.113 0.5725075528700906 0.222 0.2809667673716012
11 0.113 0.5725075528700906 0.222 0.2809667673716012
11 0.113 0.5725075528700906 0.222 0.2809667673716012
11 0.113 0.5725075528700906 0.222 0.2809667673716012
11 0.113 0.5725075528700906 0.222 0.2809667673716012
11 0.113 0.5725075528700906 0.222 0.2809667673716012
11 0.113 0.5725075528700906 0.222 0.2809667673716012
11 0.113 0.5725075528700906 0.222 0.2809667673716012
11 0.113 0.5725075528700906 0.222 0.2809667673716012
11 0.113 0.5725075528700906 0.222 0.2809667673716012
11 0.113 0.5725075528700906 0.222 0.2809667673716012
11 0.113 0.5725075528700906 0.222 0.2809667673716012
11 0.113 0.5725075528700906 0.222 0.2809667673716012
11 0.113 0.5725075528700906 0.222 0.2809667673716012
11 0.113 0.5725075528700906 0.222 0.2809667673716012
11 0.113 0.5725075528700906 0.222 0.2809667673716012
11 0.113 0.5725075528700906 0.222 0.2809667673716012
11 0.113 0.5725075528700906 0.222 0.2809667673716012
11 0.113 0.5725075528700906 0.222 0.2809667673716012
