2 0.865 0.8173333333333334 0.158 0.36533333333333334
2 0.865 0.8173333333333334 0.158 0.36533333333333334
2 0.865 0.8173333333333334 0.158 0.36533333333333334
2 0.865 0.8173333333333334 0.158 0.36533333333333334
2 0.865 0.8173333333333334 0.158 0.36533333333333334
2 0.865 0.8173333333333334 0.158 0.36533333333333334
2 0.865 0.8173333333333334 0.158 0.36533333333333334
2 0.865 0.8173333333333334 0.158 0.36533333333333334
2 0.865 0.8173333333333334 0.158 0.36533333333333334
2 0.865 0.8173333333333334 0.158 0.36533333333333334
2 0.865 0.8173333333333334 0.158 0.36533333333333334
2 0.865 0.8173333333333334 0.158 0.36533333333333334
2 0.865 0.8173333333333334 0.158 0.36533333333333334
2 0.865 0.8173333333333334 0.158 0.36533333333333334
2 0.865 0.8173333333333334 0.158 0.36533333333333334
2 0.865 0.8173333333333334 0.158 0.36533333333333334
2 0.865 0.8173333333333334 0.158 0.36533333333333334
2 0.865 0.8173333333333334 0.158 0.36533333333333334
2 0.865 0.8173333333333334 0.158 0.36533333333333334
2 0.865 0.8173333333333334 0.158 0.36533333333333334
2 0.865 0.8173333333333334 0.158 0.36533333333333334
2 0.865 0.8173333333333334 0.158 0.36533333333333334
2 0.865 0.8173333333333334 0.158 0.36533333333333334
2 0.865 0.8173333333333334 0.158 0.36533333333333334
