18 0.73 0.5240963855421686 0.284 0.16265060240963855
18 0.73 0.5240963855421686 0.284 0.16265060240963855
18 0.73 0.5240963855421686 0.284 0.16265060240963855
18 0.73 0.5240963855421686 0.284 0.16265060240963855
18 0.73 0.5240963855421686 0.284 0.16265060240963855
18 0.73 0.5240963855421686 0.284 0.16265060240963855
18 0.73 0.5240963855421686 0.284 0.16265060240963855
18 0.73 0.5240963855421686 0.284 0.16265060240963855
18 0.73 0.5240963855421686 0.284 0.16265060240963855
18 0.73 0.5240963855421686 0.284 0.16265060240963855
18 0.73 0.5240963855421686 0.284 0.16265060240963855
18 0.73 0.5240963855421686 0.284 0.16265060240963855
18 0.73 0.5240963855421686 0.284 0.16265060240963855
18 0.73 0.5240963855421686 0.284 0.16265060240963855
18 0.73 0.5240963855421686 0.284 0.16265060240963855
18 0.73 0.5240963855421686 0.284 0.16265060240963855
18 0.73 0.5240963855421686 0.284 0.16265060240963855
18 0.73 0.5240963855421686 0.284 0.16265060240963855
18 0.73 0.5240963855421686 0.284 0.16265060240963855
18 0.73 0.5240963855421686 0.284 0.16265060240963855
