17 0.299 0.5946666666666667 0.59 0.15466666666666667
17 0.299 0.5946666666666667 0.59 0.15466666666666667
17 0.299 0.5946666666666667 0.59 0.15466666666666667
17 0.299 0.5946666666666667 0.59 0.15466666666666667
17 0.299 0.5946666666666667 0.59 0.15466666666666667
17 0.299 0.5946666666666667 0.59 0.15466666666666667
17 0.299 0.5946666666666667 0.59 0.15466666666666667
17 0.299 0.5946666666666667 0.59 0.15466666666666667
17 0.299 0.5946666666666667 0.59 0.15466666666666667
17 0.299 0.5946666666666667 0.59 0.15466666666666667
17 0.299 0.5946666666666667 0.59 0.15466666666666667
17 0.299 0.5946666666666667 0.59 0.15466666666666667
17 0.299 0.5946666666666667 0.59 0.15466666666666667
17 0.299 0.5946666666666667 0.59 0.15466666666666667
17 0.299 0.5946666666666667 0.59 0.15466666666666667
17 0.299 0.5946666666666667 0.59 0.15466666666666667
17 0.299 0.5946666666666667 0.59 0.15466666666666667
17 0.299 0.5946666666666667 0.59 0.15466666666666667
17 0.299 0.5946666666666667 0.59 0.15466666666666667
17 0.299 0.5946666666666667 0.59 0.15466666666666667
