1 0.331 0.4866666666666667 0.074 0.06666666666666667
1 0.331 0.4866666666666667 0.074 0.06666666666666667
1 0.331 0.4866666666666667 0.074 0.06666666666666667
1 0.331 0.4866666666666667 0.074 0.06666666666666667
1 0.331 0.4866666666666667 0.074 0.06666666666666667
1 0.331 0.4866666666666667 0.074 0.06666666666666667
1 0.331 0.4866666666666667 0.074 0.06666666666666667
1 0.331 0.4866666666666667 0.074 0.06666666666666667
1 0.331 0.4866666666666667 0.074 0.06666666666666667
1 0.331 0.4866666666666667 0.074 0.06666666666666667
1 0.331 0.4866666666666667 0.074 0.06666666666666667
1 0.331 0.4866666666666667 0.074 0.06666666666666667
1 0.331 0.4866666666666667 0.074 0.06666666666666667
1 0.331 0.4866666666666667 0.074 0.06666666666666667
1 0.331 0.4866666666666667 0.074 0.06666666666666667
1 0.331 0.4866666666666667 0.074 0.06666666666666667
1 0.331 0.4866666666666667 0.074 0.06666666666666667
1 0.331 0.4866666666666667 0.074 0.06666666666666667
1 0.331 0.4866666666666667 0.074 0.06666666666666667
1 0.331 0.4866666666666667 0.074 0.06666666666666667
1 0.331 0.4866666666666667 0.074 0.06666666666666667
1 0.331 0.4866666666666667 0.074 0.06666666666666667
1 0.331 0.4866666666666667 0.074 0.06666666666666667
1 0.331 0.4866666666666667 0.074 0.06666666666666667
1 0.331 0.4866666666666667 0.074 0.06666666666666667
1 0.331 0.4866666666666667 0.074 0.06666666666666667
1 0.331 0.4866666666666667 0.074 0.06666666666666667
1 0.331 0.4866666666666667 0.074 0.06666666666666667
1 0.331 0.4866666666666667 0.074 0.06666666666666667
1 0.331 0.4866666666666667 0.074 0.06666666666666667
1 0.331 0.4866666666666667 0.074 0.06666666666666667
1 0.331 0.4866666666666667 0.074 0.06666666666666667
1 0.331 0.4866666666666667 0.074 0.06666666666666667
1 0.331 0.4866666666666667 0.074 0.06666666666666667
