15 0.986 0.548 0.028 0.029333333333333333
15 0.986 0.548 0.028 0.029333333333333333
15 0.986 0.548 0.028 0.029333333333333333
15 0.986 0.548 0.028 0.029333333333333333
15 0.986 0.548 0.028 0.029333333333333333
15 0.986 0.548 0.028 0.029333333333333333
15 0.986 0.548 0.028 0.029333333333333333
15 0.986 0.548 0.028 0.029333333333333333
15 0.986 0.548 0.028 0.029333333333333333
15 0.986 0.548 0.028 0.029333333333333333
15 0.986 0.548 0.028 0.029333333333333333
15 0.986 0.548 0.028 0.029333333333333333
15 0.986 0.548 0.028 0.029333333333333333
15 0.986 0.548 0.028 0.029333333333333333
15 0.986 0.548 0.028 0.029333333333333333
15 0.986 0.548 0.028 0.029333333333333333
15 0.986 0.548 0.028 0.029333333333333333
15 0.986 0.548 0.028 0.029333333333333333
15 0.986 0.548 0.028 0.029333333333333333
