0 0.71 0.7026666666666667 0.324 0.5786666666666667
0 0.71 0.7026666666666667 0.324 0.5786666666666667
0 0.71 0.7026666666666667 0.324 0.5786666666666667
0 0.71 0.7026666666666667 0.324 0.5786666666666667
0 0.71 0.7026666666666667 0.324 0.5786666666666667
0 0.71 0.7026666666666667 0.324 0.5786666666666667
0 0.71 0.7026666666666667 0.324 0.5786666666666667
0 0.71 0.7026666666666667 0.324 0.5786666666666667
0 0.71 0.7026666666666667 0.324 0.5786666666666667
0 0.71 0.7026666666666667 0.324 0.5786666666666667
0 0.71 0.7026666666666667 0.324 0.5786666666666667
